chr	start	end	length	abs_summit	pileup	-log10(pvalue)	fold_enrichment	-log10(qvalue)	name	closest feature	distance	within bflag	epsilon	go=peroxisome organization
chr1	827442	828346	905	827924	397	517.011	46.4431	511.482	BadSOCS3peaks_peak_1	LINC01128	0.073	1.0		
chr1	3495735	3496111	377	3495989	34	17.968	5.9494	13.6667	BadSOCS3peaks_peak_2	MEGF6	0.091	1.0	-0.645803333	
chr1	9252681	9253014	334	9252809	29	16.9521	6.39287	12.6741	BadSOCS3peaks_peak_3	H6PD	12.6825		-0.103723333	
chr1	10210376	10210773	398	10210572	36	11.3658	3.63041	7.25981	BadSOCS3peaks_peak_4	KIF1B	0.0045	1.0	0.093004	
chr1	13804002	13804779	778	13804335	109	91.6585	14.6897	86.7859	BadSOCS3peaks_peak_5	PRDM2	32.6645		-0.202113333	
chr1	15526828	15527564	737	15527310	71	71.744	18.4651	66.9553	BadSOCS3peaks_peak_6	DNAJC16	0.348	1.0	0.069873333	
chr1	16167499	16168627	1129	16168050	459	764.195	96.7654	758.529	BadSOCS3peaks_peak_7	ENSG00000224621	8.797			
chr1	21931181	21931594	414	21931377	39	24.3004	7.51103	19.8863	BadSOCS3peaks_peak_8	HSPG2	5.9225		-0.05848	
chr1	22026556	22026970	415	22026786	19	9.50083	4.71239	5.47964	BadSOCS3peaks_peak_9	LINC01635	0.715	1.0		
chr1	26927308	26927894	587	26927639	73	71.088	17.4359	66.3027	BadSOCS3peaks_peak_10	NUDC	5.459		-0.195521667	
chr1	31644917	31645361	445	31645133	58	39.2054	9.20885	34.621	BadSOCS3peaks_peak_11	PEF1-AS1	0.09	1.0		
chr1	31877212	31877516	305	31877366	31	13.1386	4.60593	8.96851	BadSOCS3peaks_peak_12	ENSG00000203620	21.796			
chr1	36089065	36089370	306	36089171	35	16.8886	5.41687	12.6128	BadSOCS3peaks_peak_13	ADPRS	0.3255	1.0		
chr1	36323236	36323815	580	36323546	83	67.2725	13.1109	62.508	BadSOCS3peaks_peak_14	EVA1B	0.1195	1.0	-0.04138	
chr1	37473921	37474690	770	37474392	184	208.316	29.1765	203.127	BadSOCS3peaks_peak_15	ZC3H12A-DT	0.0805	1.0		
chr1	48023025	48023520	496	48023272	50	41.5056	12.0166	36.9044	BadSOCS3peaks_peak_16	TRABD2B	25.8875		-0.10287	
chr1	59814221	59814724	504	59814484	53	32.0824	7.7725	27.5667	BadSOCS3peaks_peak_17	HOOK1	0.3135	1.0	-0.373333333	
chr1	67700688	67701046	359	67700861	35	16.2016	5.18167	11.9427	BadSOCS3peaks_peak_18	GADD45A	15.191		0.1359833333333333	
chr1	70314269	70314654	386	70314471	31	22.0474	8.30375	17.669	BadSOCS3peaks_peak_19	ANKRD13C	0.6715	1.0	0.3209666666666667	
chr1	89820580	89822889	2310	89821540	2326	5122.79	363.203	5116.08	BadSOCS3peaks_peak_20	LRRC8D	0.1865	1.0	-1.064683333	
chr1	112508663	112509075	413	112508930	28	14.4457	5.50015	10.2346	BadSOCS3peaks_peak_21	WNT2B	0.096	1.0	-0.472986667	
chr1	117605026	117605718	693	117605360	110	130.18	28.467	125.177	BadSOCS3peaks_peak_22	TENT5C-DT	0.313	1.0		
chr1	119631231	119631907	677	119631599	116	104.562	16.8404	99.6396	BadSOCS3peaks_peak_23	ZNF697	16.697		0.1755	
chr1	121519984	121520400	417	121520198	44	29.2919	8.4499	24.8087	BadSOCS3peaks_peak_24	ENSG00000272583	0.591	1.0		
chr1	121610269	121610564	296	121610477	52	7.38179	2.23545	3.50139	BadSOCS3peaks_peak_25	LINC01691	29.8925			
chr1	121750220	121750505	286	121750278	43	7.25519	2.40411	3.38535	BadSOCS3peaks_peak_26	LINC01691	169.8385			
chr1	122403351	122403646	296	122403442	55	13.9883	3.25191	9.79221	BadSOCS3peaks_peak_27	LINC01691	822.9745			
chr1	122524594	122525005	412	122524728	266	20.5592	1.8787	16.2063	BadSOCS3peaks_peak_28	LINC01691	944.2755			
chr1	122669951	122670232	282	122670017	63	11.15	2.58166	7.05324	BadSOCS3peaks_peak_29	LINC01691	1089.5675			
chr1	122890052	122890393	342	122890148	73	12.6998	2.58967	8.54537	BadSOCS3peaks_peak_30	LINC01691	1309.6985			
chr1	122904154	122904438	285	122904283	76	12.8091	2.54991	8.65159	BadSOCS3peaks_peak_31	LINC01691	1323.772			
chr1	123010078	123010402	325	123010298	32	5.27471	2.27317	1.66013	BadSOCS3peaks_peak_32	LINC01691	1429.716			
chr1	123163381	123163759	379	123163413	21	5.31665	2.74009	1.69739	BadSOCS3peaks_peak_33	LINC01691	1583.046			
chr1	123213349	123213636	288	123213406	65	10.4604	2.4487	6.39091	BadSOCS3peaks_peak_34	LINC01691	1632.9685			
chr1	123285407	123285812	406	123285681	20	10.1207	4.8538	6.06782	BadSOCS3peaks_peak_35	LINC01691	1705.0855			
chr1	123311405	123311731	327	123311554	77	30.3945	4.98439	25.8975	BadSOCS3peaks_peak_36	LINC01691	1731.044			
chr1	123535605	123535907	303	123535681	73	10.5042	2.32564	6.43242	BadSOCS3peaks_peak_37	LINC01691	1955.232			
chr1	123564105	123564433	329	123564372	35	8.89546	3.04729	4.90773	BadSOCS3peaks_peak_38	LINC01691	1983.745			
chr1	123615414	123615699	286	123615587	30	8.48788	3.2121	4.52629	BadSOCS3peaks_peak_39	LINC01691	2035.0325			
chr1	123641773	123642077	305	123641900	61	21.149	4.2708	16.7851	BadSOCS3peaks_peak_40	LINC01691	2061.401			
chr1	123811319	123811618	300	123811506	83	14.65	2.63991	10.4336	BadSOCS3peaks_peak_41	LINC01691	2230.9445			
chr1	124054556	124054857	302	124054740	140	20.7345	2.46368	16.3784	BadSOCS3peaks_peak_42	LINC01691	2474.1825			
chr1	124055749	124056049	301	124055952	159	21.6696	2.37021	17.2982	BadSOCS3peaks_peak_43	LINC01691	2475.375			
chr1	124156121	124156460	340	124156235	40	11.0583	3.31864	6.96525	BadSOCS3peaks_peak_44	LINC01691	2575.7665			
chr1	124209031	124209351	321	124209151	26	6.6753	2.90291	2.86061	BadSOCS3peaks_peak_45	LINC01691	2628.667			
chr1	124250657	124250979	323	124250814	47	22.1132	5.60117	17.7339	BadSOCS3peaks_peak_46	LINC01691	2670.294			
chr1	124450883	124451183	301	124450953	64	12.4445	2.74159	8.29813	BadSOCS3peaks_peak_47	LINC01691	2870.509			
chr1	124727271	124727634	364	124727508	152	26.1896	2.69885	21.7498	BadSOCS3peaks_peak_48	LINC01691	3146.9285			
chr1	124739333	124739670	338	124739480	117	39.217	4.40495	34.6325	BadSOCS3peaks_peak_49	LINC01691	3158.9775			
chr1	124756742	124757025	284	124756922	62	13.3516	2.92396	9.17588	BadSOCS3peaks_peak_50	LINC01691	3176.3595			
chr1	124913883	124914212	330	124914089	62	14.9128	3.162	10.6891	BadSOCS3peaks_peak_51	LINC01691	3333.5235			
chr1	125178978	125179283	306	125179137	2769	69.9978	1.4287	65.218	BadSOCS3peaks_peak_52	LINC01691	3598.6065			
chr1	125179676	125180569	894	125180189	6731	23.8072	1.13459	19.4009	BadSOCS3peaks_peak_53	LINC01691	3599.5985			
chr1	125182245	125182675	431	125182545	4473	149.976	1.51805	144.916	BadSOCS3peaks_peak_54	LINC01691	3601.936			
chr1	143192786	143193206	421	143193124	901	12.3241	1.27948	8.18211	BadSOCS3peaks_peak_55	ENSG00000276118	150.184			
chr1	143194959	143195254	296	143195110	807	75.7172	2.06736	70.9114	BadSOCS3peaks_peak_56	ENSG00000276118	148.0735			
chr1	143202521	143202816	296	143202677	2936	271.818	2.0726	266.526	BadSOCS3peaks_peak_57	ENSG00000276118	140.5115			
chr1	143214354	143214805	452	143214702	3389	126.348	1.55468	121.355	BadSOCS3peaks_peak_58	ENSG00000276118	128.6005			
chr1	143217269	143217610	342	143217527	2002	47.1965	1.40758	42.5526	BadSOCS3peaks_peak_59	ENSG00000276118	125.7405			
chr1	143222162	143222720	559	143222216	424	20.9192	1.6411	16.5601	BadSOCS3peaks_peak_60	ENSG00000276118	120.739			
chr1	143232901	143233220	320	143233063	3521	218.985	1.79356	213.775	BadSOCS3peaks_peak_61	ENSG00000276118	110.1195			
chr1	143239461	143239771	311	143239556	1223	60.1874	1.66229	55.4621	BadSOCS3peaks_peak_62	ENSG00000276118	103.564			
chr1	143245530	143245898	369	143245774	133	11.0268	1.87966	6.93488	BadSOCS3peaks_peak_63	ENSG00000276118	97.466			
chr1	143249770	143250075	306	143249957	801	60.6726	1.90203	55.9444	BadSOCS3peaks_peak_64	ENSG00000276118	93.2575			
chr1	143254548	143254960	413	143254851	1709	75.3928	1.61701	70.5882	BadSOCS3peaks_peak_65	ENSG00000276118	88.426			
chr1	143255551	143255997	447	143255629	680	12.6567	1.33585	8.50398	BadSOCS3peaks_peak_66	ENSG00000276118	87.406			
chr1	143262119	143262909	791	143262771	1854	80.7528	1.61234	75.9243	BadSOCS3peaks_peak_67	ENSG00000276118	80.666			
chr1	143266515	143266879	365	143266804	685	15.3083	1.37931	11.0727	BadSOCS3peaks_peak_68	ENSG00000276118	76.483			
chr1	150876148	150876933	786	150876499	234	300.172	41.0097	294.845	BadSOCS3peaks_peak_69	ARNT	0.0275	1.0	0.53952	
chr1	160283554	160286390	2837	160285089	2551	6352.86	629.837	6345.95	BadSOCS3peaks_peak_70	PEX19	0.124	1.0	-1.58368	1.0
chr1	161450493	161450812	320	161450719	216	8.08889	1.49838	4.15331	BadSOCS3peaks_peak_71	ENSG00000283317	9.6565			
chr1	161454550	161454864	315	161454677	260	11.7721	1.58346	7.65149	BadSOCS3peaks_peak_72	ENSG00000283317	13.711			
chr1	161469294	161469606	313	161469455	262	14.6612	1.68398	10.4442	BadSOCS3peaks_peak_73	ENSG00000283360	1.073			
chr1	179294545	179294871	327	179294767	29	18.3753	7.03322	14.0663	BadSOCS3peaks_peak_74	SOAT1	0.388	1.0	-0.59165	
chr1	204150964	204152321	1358	204151837	566	962.815	108.164	957.054	BadSOCS3peaks_peak_75	ETNK2	0.2145	1.0	0.2438666666666666	
chr1	206611760	206612642	883	206612233	353	474.824	49.8333	469.328	BadSOCS3peaks_peak_76	EIF2D	0.249	1.0	0.22035	
chr1	210233490	210234158	669	210233717	49	34.5214	9.38878	29.98	BadSOCS3peaks_peak_77	SERTAD4-AS1	0.044	1.0		
chr1	248838078	248838426	349	248838259	33	15.8257	5.3068	11.5771	BadSOCS3peaks_peak_78	ZNF672	0.028	1.0	-0.259753333	
chr10	13112130	13112708	579	13112477	86	90.223	20.9202	85.3561	BadSOCS3peaks_peak_79	OPTN	0.068	1.0	-0.231848667	
chr10	21422465	21423175	711	21422769	70	70.8177	18.4239	66.0338	BadSOCS3peaks_peak_80	MRM3P1	28.787			
chr10	22320614	22321042	429	22320854	55	40.5666	10.3223	35.9718	BadSOCS3peaks_peak_81	BMI1	0.271	1.0	0.1474966666666666	
chr10	38919795	38920230	436	38919871	341	8.36786	1.38454	4.41585	BadSOCS3peaks_peak_82	ENSG00000233832	137.0085			
chr10	40412727	40413071	345	40413045	83	6.08037	1.74451	2.3377	BadSOCS3peaks_peak_83	ENSG00000233832	1629.895			
chr10	40545554	40545865	312	40545688	56	17.9031	3.92638	13.6044	BadSOCS3peaks_peak_84	KSR1P1	1603.8395			
chr10	40556527	40556843	317	40556752	377	24.0103	1.77057	19.6015	BadSOCS3peaks_peak_85	KSR1P1	1592.864			
chr10	40596349	40596664	316	40596509	115	20.9937	2.75585	16.6336	BadSOCS3peaks_peak_86	KSR1P1	1553.0425			
chr10	40611439	40611759	321	40611537	41	13.644	3.88469	9.45818	BadSOCS3peaks_peak_87	KSR1P1	1537.95			
chr10	40811002	40811327	326	40811075	69	8.41143	2.12762	4.45495	BadSOCS3peaks_peak_88	KSR1P1	1338.3845			
chr10	40947446	40947788	343	40947643	32	11.1083	3.85081	7.01315	BadSOCS3peaks_peak_89	KSR1P1	1201.932			
chr10	40980985	40981304	320	40981230	437	36.32	1.95271	31.7614	BadSOCS3peaks_peak_90	KSR1P1	1168.4045			
chr10	41883109	41883536	428	41883451	1050	40.1995	1.554	35.6075	BadSOCS3peaks_peak_91	KSR1P1	266.2265			
chr10	41891146	41891433	288	41891282	374	23.9914	1.7745	19.583	BadSOCS3peaks_peak_92	KSR1P1	258.2595			
chr10	41892023	41892488	466	41892102	604	17.4454	1.44782	13.1567	BadSOCS3peaks_peak_93	KSR1P1	257.2935			
chr10	41898851	41899349	499	41898933	882	32.2094	1.53365	27.6915	BadSOCS3peaks_peak_94	KSR1P1	250.449			
chr10	41899763	41900105	343	41899857	643	18.5754	1.44926	14.2621	BadSOCS3peaks_peak_95	KSR1P1	249.615			
chr10	42067206	42067530	325	42067304	201	12.5947	1.73083	8.44394	BadSOCS3peaks_peak_96	KSR1P1	82.181			
chr10	42077069	42077435	367	42077113	189	6.3574	1.45299	2.58462	BadSOCS3peaks_peak_97	KSR1P1	72.297			
chr10	42079630	42079949	320	42079816	377	25.907	1.81658	21.4704	BadSOCS3peaks_peak_98	KSR1P1	69.7595			
chr10	49941530	49941821	292	49941678	17	6.95006	3.7619	3.1079	BadSOCS3peaks_peak_99	PARG	0.2945	1.0	0.3372633333333333	
chr10	78028639	78028986	348	78028798	26	14.3458	5.79124	10.1377	BadSOCS3peaks_peak_100	POLR3A	0.7025	1.0	-0.178923333	
chr10	81502910	81503193	284	81502940	14	6.44058	3.89238	2.65008	BadSOCS3peaks_peak_101	RPA2P2	365.7165			
chr10	84139923	84140405	483	84140179	60	47.9563	11.9141	43.3066	BadSOCS3peaks_peak_102	GHITM	0.351	1.0	0.364466	
chr10	103368106	103368571	466	103368320	53	34.0875	8.42844	29.5512	BadSOCS3peaks_peak_103	TAF5	0.3485	1.0	0.28755	
chr10	113678962	113679636	675	113679330	206	168.297	15.148	163.194	BadSOCS3peaks_peak_104	CASP7	0.095	1.0	0.38602	
chr10	118754507	118754870	364	118754759	18	4.80576	2.73477	1.30313	BadSOCS3peaks_peak_105	CACUL1	0.2115	1.0	0.2093233333333333	
chr10	133640624	133640974	351	133640833	44	31.6723	9.40475	27.1609	BadSOCS3peaks_peak_106	AGGF1P2	0.01	1.0		
chr10	133681098	133681420	323	133681355	192	10.7919	1.66918	6.7095	BadSOCS3peaks_peak_107	DUX4L21	0.89	1.0		
chr10	133687236	133687519	284	133687339	578	19.7924	1.50222	15.4542	BadSOCS3peaks_peak_108	DUX4L20	3.7095			
chr10	133688229	133688807	579	133688355	2055	60.9433	1.47338	56.2134	BadSOCS3peaks_peak_109	DUX4L20	4.85			
chr10	133689276	133689953	678	133689412	1971	82.3521	1.59556	77.5163	BadSOCS3peaks_peak_110	DUX4L20	5.9465			
chr10	133757246	133757629	384	133757522	202	5.81692	1.40696	2.11043	BadSOCS3peaks_peak_111	DUX4L14	0.8785	1.0		
chr10	133763427	133763755	329	133763557	611	31.1909	1.66737	26.6848	BadSOCS3peaks_peak_112	DUX4L15	3.732			
chr11	805101	805419	319	805311	16	5.46941	3.17824	1.81996	BadSOCS3peaks_peak_113	PIDD1	0.029	1.0		
chr11	2444867	2445156	290	2444953	22	9.88663	4.45239	5.84516	BadSOCS3peaks_peak_114	KCNQ1	0.0035	1.0	-0.173456667	
chr11	13278166	13279023	858	13278551	190	215.332	29.4149	210.129	BadSOCS3peaks_peak_115	BMAL1	0.7095	1.0		
chr11	13965228	13965629	402	13965461	34	21.3783	7.31481	17.0114	BadSOCS3peaks_peak_116	SPON1	2.7055		0.2412099999999999	
chr11	45083226	45083523	298	45083402	13	5.53344	3.5351	1.87613	BadSOCS3peaks_peak_117	PRDM11	12.4315		-0.663413333	
chr11	51300311	51300606	296	51300517	26	10.8685	4.35246	6.78313	BadSOCS3peaks_peak_118	ENSG00000214883	891.4165			
chr11	51406629	51406913	285	51406813	29	9.95904	3.73648	5.91324	BadSOCS3peaks_peak_119	ENSG00000214883	997.729			
chr11	53265234	53265529	296	53265348	17	8.77835	4.67086	4.79818	BadSOCS3peaks_peak_120	OR4C50P	1326.0985			
chr11	57324309	57324598	290	57324530	18	8.16646	4.21322	4.225	BadSOCS3peaks_peak_121	TNKS1BP1	0.4985	1.0	0.2683066666666666	
chr11	64250899	64251684	786	64251300	133	136.396	22.2018	131.374	BadSOCS3peaks_peak_122	PLCB3	0.2385	1.0	0.96531	
chr11	64284632	64285130	499	64284850	26	13.85	5.57238	9.65869	BadSOCS3peaks_peak_123	GPR137	0.001	1.0	0.4821766666666667	
chr11	66051765	66052338	574	66052125	60	41.3044	9.52102	36.7043	BadSOCS3peaks_peak_124	SF3B2	0.2795	1.0	0.5866283333333333	
chr11	94910158	94912420	2263	94911600	1047	2047.42	196.789	2041.34	BadSOCS3peaks_peak_125	ST13P11	1.758			
chr11	94912715	94913151	437	94912978	20	11.3242	5.44933	7.2203	BadSOCS3peaks_peak_126	ST13P11	0.114	1.0		
chr11	94973400	94974060	661	94973690	114	129.427	26.3941	124.425	BadSOCS3peaks_peak_127	KDM4D	0.021	1.0	-0.568443333	
chr11	95151195	95151548	354	95151411	42	20.6085	5.74233	16.2544	BadSOCS3peaks_peak_128	LNCRNA-IUR	0.0105	1.0		
chr11	102452338	102452934	597	102452720	78	65.6629	13.7862	60.9071	BadSOCS3peaks_peak_129	TMEM123	0.084	1.0	-0.641863333	
chr11	117703433	117703724	292	117703707	13	5.38481	3.45522	1.74699	BadSOCS3peaks_peak_130	ENSG00000270403	35.0955			
chr11	117986178	117986742	565	117986434	77	63.539	13.2965	58.7943	BadSOCS3peaks_peak_131	IL10RA	0.019	1.0	0.2516366666666667	
chr11	129990372	129990924	553	129990722	24	14.9946	6.4873	10.767	BadSOCS3peaks_peak_132	PRDM10	12.137		-0.489356667	
chr12	6607186	6607471	286	6607317	21	10.1308	4.7034	6.07748	BadSOCS3peaks_peak_133	CHD4	0.0055	1.0	-0.275976667	
chr12	6766675	6767394	720	6767023	153	139.378	17.9704	134.348	BadSOCS3peaks_peak_134	MLF2	0.4405	1.0	0.5443766666666666	
chr12	26927108	26928406	1299	26927864	674	1312.28	175.157	1306.39	BadSOCS3peaks_peak_135	INTS13	1.299			
chr12	33500052	33500338	287	33500245	17	8.77835	4.67086	4.79818	BadSOCS3peaks_peak_136	ENSG00000256070	45.85			
chr12	35986138	35986654	517	35986514	27	9.45354	3.73919	5.43515	BadSOCS3peaks_peak_137	ZNF970P	1589.191			
chr12	47905193	47905958	766	47905585	229	312.801	47.7693	307.46	BadSOCS3peaks_peak_138	ENSG00000278385	0.4535	1.0		
chr12	113098447	113098986	540	113098780	31	21.1347	7.86801	16.7711	BadSOCS3peaks_peak_139	DTX1	3.6765		0.060378	
chr12	121537670	121538360	691	121537967	87	81.9262	17.1875	77.0932	BadSOCS3peaks_peak_140	KDM2B	0.399	1.0	-0.144956667	
chr12	123533712	123534064	353	123533903	39	18.1699	5.3417	13.8645	BadSOCS3peaks_peak_141	RILPL1	0.169	1.0	-0.064963333	
chr13	16567488	16567997	510	16567766	19	6.64291	3.40937	2.83094	BadSOCS3peaks_peak_142	ENSG00000279924	1610.7225			
chr13	16576250	16576534	285	16576450	22	7.79344	3.58989	3.88254	BadSOCS3peaks_peak_143	ENSG00000279924	1602.073			
chr13	16652444	16652827	384	16652690	21	8.84696	4.13106	4.86289	BadSOCS3peaks_peak_144	ENSG00000279924	1525.8295			
chr13	16757066	16757347	282	16757328	19	5.9483	3.12164	2.22019	BadSOCS3peaks_peak_145	ENSG00000279924	1421.2585			
chr13	16770028	16770344	317	16770275	37	4.9366	2.07627	1.40185	BadSOCS3peaks_peak_146	ENSG00000279924	1408.279			
chr13	16861394	16861797	404	16861714	30	9.13162	3.40273	5.13013	BadSOCS3peaks_peak_147	ENSG00000279924	1316.8695			
chr13	16902545	16902863	319	16902808	18	5.37303	2.96556	1.73797	BadSOCS3peaks_peak_148	ENSG00000279924	1275.761			
chr13	16946919	16947241	323	16947028	22	5.83892	2.86464	2.12638	BadSOCS3peaks_peak_149	ENSG00000279924	1231.385			
chr13	17130038	17130358	321	17130297	32	7.3501	2.79335	3.4723	BadSOCS3peaks_peak_150	ENSG00000279924	1048.267			
chr13	17234995	17235359	365	17235057	26	6.86903	2.96367	3.03671	BadSOCS3peaks_peak_151	ENSG00000279924	943.288			
chr13	17311302	17311586	285	17311543	36	7.4089	2.6473	3.52599	BadSOCS3peaks_peak_152	ENSG00000279924	867.021			
chr13	17359797	17360161	365	17360112	57	10.1375	2.56325	6.08392	BadSOCS3peaks_peak_153	ENSG00000279924	818.486			
chr13	17392636	17392926	291	17392703	38	5.6101	2.19578	1.9395	BadSOCS3peaks_peak_154	ENSG00000279924	785.684			
chr13	17510044	17510328	285	17510167	14	6.44058	3.89238	2.65008	BadSOCS3peaks_peak_155	ENSG00000279924	668.279			
chr13	17552063	17552368	306	17552227	34	14.3218	4.67399	10.1147	BadSOCS3peaks_peak_156	ENSG00000279924	626.2495			
chr13	17575075	17575445	371	17575222	49	13.6765	3.44419	9.49009	BadSOCS3peaks_peak_157	ENSG00000279924	603.205			
chr13	17861660	17862129	470	17861808	57	12.9262	3.00346	8.76444	BadSOCS3peaks_peak_158	ENSG00000279924	316.5705			
chr13	18211842	18212235	394	18212052	1704	67.361	1.5721	62.5959	BadSOCS3peaks_peak_159	FAM230C	0.0795	1.0		
chr13	19863568	19864641	1074	19863973	211	192.635	18.8059	187.478	BadSOCS3peaks_peak_160	ENSG00000275964	0.2665	1.0		
chr13	22781462	22781804	343	22781571	24	14.7909	6.3865	10.5709	BadSOCS3peaks_peak_161	SNORD36	21.512			
chr13	44917799	44918085	287	44917953	53	10.0098	2.63868	5.96198	BadSOCS3peaks_peak_162	NUFIP1	71.529		-0.409653667	
chr13	58116638	58117895	1258	58117226	341	511.264	66.797	505.739	BadSOCS3peaks_peak_163	LINC02338	48.5605			
chr13	95370861	95371248	388	95371113	23	14.0499	6.22781	9.85034	BadSOCS3peaks_peak_164	MEMO1P5	22.9945			
chr13	110706080	110706635	556	110706286	88	73.3067	13.8913	68.5111	BadSOCS3peaks_peak_165	CARS2	0.1115	1.0	-0.09652	
chr14	16518635	16518983	349	16518799	25	9.80107	4.05814	5.7637	BadSOCS3peaks_peak_166	5_8S_rRNA	461.337			
chr14	16780325	16780721	397	16780652	67	9.51856	2.29292	5.4963	BadSOCS3peaks_peak_167	5_8S_rRNA	723.051			
chr14	16938297	16938611	315	16938404	15	7.1946	4.15187	3.32783	BadSOCS3peaks_peak_168	5_8S_rRNA	880.982			
chr14	16944777	16945155	379	16945123	22	7.06379	3.31051	3.21235	BadSOCS3peaks_peak_169	5_8S_rRNA	887.494			
chr14	16983724	16984077	354	16984048	19	4.80449	2.67085	1.30313	BadSOCS3peaks_peak_170	5_8S_rRNA	926.4285			
chr14	17031430	17031746	317	17031678	26	8.09964	3.36283	4.16291	BadSOCS3peaks_peak_171	5_8S_rRNA	974.116			
chr14	17124481	17124780	300	17124709	18	7.65594	3.97089	3.75415	BadSOCS3peaks_peak_172	5_8S_rRNA	1067.1585			
chr14	17354238	17354590	353	17354246	61	5.59163	1.854	1.92544	BadSOCS3peaks_peak_173	ENSG00000215398	979.312			
chr14	17498927	17499293	367	17499271	50	8.31242	2.42794	4.3642	BadSOCS3peaks_peak_174	ENSG00000215398	834.616			
chr14	17508063	17508375	313	17508263	23	7.8361	3.51441	3.92312	BadSOCS3peaks_peak_175	ENSG00000215398	825.507			
chr14	17559557	17559884	328	17559829	47	9.88261	2.78735	5.84122	BadSOCS3peaks_peak_176	ENSG00000215398	774.0055			
chr14	17802183	17802474	292	17802216	30	10.6074	3.86103	6.5319	BadSOCS3peaks_peak_177	ENSG00000215398	531.3975			
chr14	17851812	17852222	411	17852066	26	7.45448	3.15066	3.56669	BadSOCS3peaks_peak_178	ENSG00000215398	481.709			
chr14	18009984	18010317	334	18010303	21	5.31665	2.74009	1.69739	BadSOCS3peaks_peak_179	ENSG00000215398	323.5755			
chr14	18044875	18045159	285	18045019	88	28.9949	4.23699	24.5156	BadSOCS3peaks_peak_180	ENSG00000215398	288.709			
chr14	18101505	18101872	368	18101844	30	4.82243	2.21801	1.31329	BadSOCS3peaks_peak_181	ENSG00000215398	232.0375			
chr14	49501399	49501742	344	49501600	18	9.60542	4.93035	5.57639	BadSOCS3peaks_peak_182	RNA5SP384	51.0625			
chr14	54902916	54903254	339	54903139	17	7.6553	4.10252	3.75415	BadSOCS3peaks_peak_183	GCH1	0.259	1.0	-0.435893333	
chr14	55213268	55213848	581	55213549	43	35.5977	11.4177	31.0458	BadSOCS3peaks_peak_184	ENSG00000258050	14.545			
chr14	64504464	64505356	893	64505045	117	128.091	24.6613	123.093	BadSOCS3peaks_peak_185	ZBTB1	0.14	1.0	-0.485743333	
chr14	89417149	89417999	851	89417459	426	462.431	29.4134	456.945	BadSOCS3peaks_peak_186	FOXN3-AS1	0.22	1.0		
chr14	93743259	93744512	1254	93743945	204	258.989	38.8804	253.716	BadSOCS3peaks_peak_187	PRIMA1	43.8735		-0.25864	
chr14	105034549	105034884	336	105034636	21	7.15935	3.43381	3.30081	BadSOCS3peaks_peak_188	CDCA4	13.6335		0.8309633333333333	
chr14	105398257	105398818	562	105398576	59	29.387	6.21697	24.9025	BadSOCS3peaks_peak_189	TEX22	0.0005	1.0	-0.07383	
chr14_GL000225v1_random	13640	13986	347	13917	299	12.0587	1.54189	7.92729	BadSOCS3peaks_peak_190					
chr14_GL000225v1_random	33395	33979	585	33706	232	11.2641	1.60886	7.16311	BadSOCS3peaks_peak_191					
chr14_GL000225v1_random	40438	40867	430	40552	182	8.03876	1.55363	4.10576	BadSOCS3peaks_peak_192					
chr14_GL000225v1_random	41467	42303	837	42205	221	15.8418	1.81797	11.5924	BadSOCS3peaks_peak_193					
chr14_GL000225v1_random	50595	51001	407	50857	931	55.8042	1.75918	51.1035	BadSOCS3peaks_peak_194					
chr14_GL000225v1_random	70606	71304	699	71185	851	27.3205	1.48819	22.8631	BadSOCS3peaks_peak_195					
chr14_GL000225v1_random	73890	74615	726	74014	447	26.5862	1.7376	22.1389	BadSOCS3peaks_peak_196					
chr14_GL000225v1_random	85600	85999	400	85673	802	32.7809	1.57517	28.2577	BadSOCS3peaks_peak_197					
chr14_GL000225v1_random	90928	91295	368	90971	271	11.3679	1.55338	7.26164	BadSOCS3peaks_peak_198					
chr14_GL000225v1_random	92326	92826	501	92734	450	18.0333	1.55374	13.7304	BadSOCS3peaks_peak_199					
chr14_GL000225v1_random	93431	93744	314	93506	250	13.8582	1.67681	9.66637	BadSOCS3peaks_peak_200					
chr14_GL000225v1_random	112384	112936	553	112528	605	16.5538	1.43169	12.2866	BadSOCS3peaks_peak_201					
chr14_GL000225v1_random	115069	115436	368	115192	430	20.5699	1.6273	16.2168	BadSOCS3peaks_peak_202					
chr14_GL000225v1_random	116665	117137	473	117007	486	18.953	1.54535	14.631	BadSOCS3peaks_peak_203					
chr14_GL000225v1_random	122841	123244	404	122911	249	14.4576	1.70085	10.2463	BadSOCS3peaks_peak_204					
chr14_GL000225v1_random	131626	132025	400	131737	695	41.5216	1.75172	36.9203	BadSOCS3peaks_peak_205					
chr14_KI270723v1_random	36327	36652	326	36591	120	12.2577	2.03723	8.11884	BadSOCS3peaks_peak_206					
chr14_KI270847v1_alt	857809	859043	1235	858505	225	322.54	53.7528	317.187	BadSOCS3peaks_peak_207					
chr15	17080556	17080952	397	17080836	282	11.7912	1.55383	7.66957	BadSOCS3peaks_peak_208	ENSG00000215567	2797.801			
chr15	17200071	17200444	374	17200398	20	6.54403	3.27773	2.74021	BadSOCS3peaks_peak_209	ENSG00000215567	2678.2975			
chr15	17513897	17514193	297	17514004	20	10.3155	4.94801	6.25533	BadSOCS3peaks_peak_210	ENSG00000215567	2364.51			
chr15	26006313	26006597	285	26006326	16	5.99308	3.42232	2.26048	BadSOCS3peaks_peak_211	ENSG00000212604	2.619			
chr15	27707461	27707793	333	27707621	18	6.77459	3.56774	2.9522	BadSOCS3peaks_peak_212	ENSG00000258853	21.859			
chr15	33245029	33245410	382	33245172	33	15.8257	5.3068	11.5771	BadSOCS3peaks_peak_213	TMCO5B	0.2325	1.0		
chr15	40335347	40335773	427	40335571	45	30.1583	8.57547	25.6647	BadSOCS3peaks_peak_214	CCDC9B	2.48			
chr15	48743450	48743844	395	48743635	31	20.4291	7.53983	16.0787	BadSOCS3peaks_peak_215	CEP152	1.633		0.172397	
chr15	51736743	51737543	801	51737032	171	153.889	17.822	148.819	BadSOCS3peaks_peak_216	LYSMD2	0.512	1.0	0.5194233333333333	
chr15	64095398	64096101	704	64095781	132	105.271	13.7809	100.346	BadSOCS3peaks_peak_217	SNX1	0.2325	1.0	0.05208	
chr15	66783236	66783734	499	66783418	41	25.8934	7.74169	21.4568	BadSOCS3peaks_peak_218	ENSG00000270490	24.919			
chr15	74100002	74100310	309	74100218	20	9.2562	4.44609	5.24879	BadSOCS3peaks_peak_219	ISLR2	0.155	1.0	-0.249453333	
chr15	78811223	78812088	866	78811578	272	378.215	51.9276	372.803	BadSOCS3peaks_peak_220	ADAMTS7	0.1915	1.0	-0.06915	
chr15	82047187	82047612	426	82047406	34	18.0132	5.96639	13.7105	BadSOCS3peaks_peak_221	MEX3B	1.2805		-0.160866667	
chr15	90234033	90234551	519	90234282	71	63.5545	14.9539	58.8093	BadSOCS3peaks_peak_222	GDPGP1	0.029	1.0	0.6523766666666666	
chr15	91539195	91539814	620	91539486	57	53.1755	15.0505	48.4893	BadSOCS3peaks_peak_223	ENSG00000258954	6.6135			
chr15	101749886	101750752	867	101750299	362	489.977	50.8816	484.467	BadSOCS3peaks_peak_224	ENSG00000291225	0.713	1.0		
chr16	640176	640888	713	640491	109	129.334	28.5441	124.333	BadSOCS3peaks_peak_225	MCRIP2	1.296			
chr16	788516	789275	760	788858	308	423.298	51.588	417.846	BadSOCS3peaks_peak_226	CHTF18	0.2605	1.0	-0.489455	
chr16	859145	859670	526	859237	149	12.5626	1.90213	8.41272	BadSOCS3peaks_peak_227	LMF1	3.4595		-0.414376667	
chr16	2990964	2993793	2830	2992449	720	1272.86	128.56	1266.98	BadSOCS3peaks_peak_228	GREP1	2.1845			
chr16	11256164	11256859	696	11256347	66	37.1236	7.3543	32.5571	BadSOCS3peaks_peak_229	SOCS1	0.3075	1.0	-0.14175	
chr16	12013753	12014104	352	12013900	41	21.144	6.04528	16.7802	BadSOCS3peaks_peak_230	SNX29	13.6035		-0.009763333	
chr16	13919806	13920207	402	13919987	28	18.9359	7.52527	14.6141	BadSOCS3peaks_peak_231	ERCC4	0.1315	1.0	0.2784633333333333	
chr16	14302382	14302889	508	14302630	41	27.6915	8.45513	23.2286	BadSOCS3peaks_peak_232	MIR193BHG	0.0565	1.0		
chr16	17608741	17609852	1112	17609371	298	425.282	56.7085	419.828	BadSOCS3peaks_peak_233	ENSG00000260945	68.3115			
chr16	21520085	21520657	573	21520347	98	76.9842	12.8337	72.1729	BadSOCS3peaks_peak_234	SLC7A5P2	0.006	1.0		
chr16	24071577	24072063	487	24071830	40	25.2784	7.6988	20.8506	BadSOCS3peaks_peak_235	ENSG00000279202	26.419			
chr16	29613311	29613937	627	29613623	130	114.014	16.316	109.059	BadSOCS3peaks_peak_236	SLC7A5P1	0.016	1.0		
chr16	29899150	29899521	372	29899306	23	11.785	5.14777	7.66386	BadSOCS3peaks_peak_237	SEZ6L2	0.0715	1.0	0.3069066666666666	
chr16	30369475	30370450	976	30370044	258	316.187	37.2792	310.842	BadSOCS3peaks_peak_238	TBC1D10B	0.5315	1.0	-0.070313333	
chr16	30571759	30572311	553	30572016	132	131.703	20.9755	126.695	BadSOCS3peaks_peak_239	ENSG00000239791	0.004	1.0		
chr16	30659262	30659710	449	30659475	37	24.9065	8.1774	20.484	BadSOCS3peaks_peak_240	FBRS	0.432	1.0	0.4244933333333333	
chr16	34063877	34064226	350	34064066	570	22.5862	1.55566	18.1996	BadSOCS3peaks_peak_241	ENSG00000261197	12.9115			
chr16	34582898	34583672	775	34583485	1838	64.935	1.53081	60.1828	BadSOCS3peaks_peak_242	ENSG00000286968	136.719			
chr16	34585697	34585997	301	34585802	457	8.41873	1.32386	4.46201	BadSOCS3peaks_peak_243	ENSG00000286968	139.281			
chr16	34593223	34593585	363	34593486	862	44.3864	1.67862	39.7634	BadSOCS3peaks_peak_244	ENSG00000286968	146.838			
chr16	34595425	34595777	353	34595482	782	35.1805	1.61471	30.6333	BadSOCS3peaks_peak_245	ENSG00000286968	149.035			
chr16	34725643	34725935	293	34725659	58	5.16186	1.82324	1.5592	BadSOCS3peaks_peak_246	ENSG00000279165	216.188			
chr16	46387702	46388060	359	46387933	2243	83.6455	1.55217	78.805	BadSOCS3peaks_peak_247	ENSG00000290429	90.558			
chr16	46388655	46389043	389	46388933	1824	29.7837	1.32218	25.2939	BadSOCS3peaks_peak_248	ENSG00000290429	89.59			
chr16	46390461	46391233	773	46390618	3232	51.9501	1.32322	47.2721	BadSOCS3peaks_peak_249	ENSG00000290429	87.592			
chr16	46394530	46395001	472	46394769	2595	60.2612	1.40559	55.5352	BadSOCS3peaks_peak_250	ENSG00000290429	83.6735			
chr16	46398617	46398978	362	46398792	2222	54.2707	1.41781	49.5787	BadSOCS3peaks_peak_251	ENSG00000290429	79.6415			
chr16	46399299	46399640	342	46399483	2201	60.6059	1.45146	55.878	BadSOCS3peaks_peak_252	ENSG00000290429	78.9695			
chr16	46400115	46400761	647	46400286	2002	50.7468	1.4271	46.0771	BadSOCS3peaks_peak_253	ENSG00000290429	78.001			
chr16	46401086	46401529	444	46401419	1602	84.526	1.69914	79.6823	BadSOCS3peaks_peak_254	ENSG00000290429	77.1315			
chr16	65452492	65452806	315	65452627	22	13.1228	5.96832	8.95342	BadSOCS3peaks_peak_255	LINC00922	88.837			
chr16	66830777	66831369	593	66831071	190	224.838	32.4667	219.618	BadSOCS3peaks_peak_256	NAE1	0.096	1.0	-0.241313333	
chr16	68620232	68620768	537	68620541	50	38.5743	10.7629	33.9947	BadSOCS3peaks_peak_257	ENSG00000252040	9.854			
chr16	74554169	74554497	329	74554308	24	13.7645	5.89049	9.57574	BadSOCS3peaks_peak_258	ENSG00000240861	2.082			
chr16	87550195	87550657	463	87550390	36	19.5016	6.20884	15.1695	BadSOCS3peaks_peak_259	ENSG00000260750	44.705			
chr16	87868970	87869688	719	87869405	169	140.685	15.3553	135.651	BadSOCS3peaks_peak_260	SLC7A5	0.178	1.0	-0.690033333	
chr16	88810298	88810798	501	88810534	71	38.9242	7.19789	34.3418	BadSOCS3peaks_peak_261	APRT	0.15	1.0	0.025173333	
chr16	89185983	89186436	454	89186335	58	9.41051	2.43303	5.39481	BadSOCS3peaks_peak_262	SLC22A31	12.6305		0.3954	
chr16	89637394	89637841	448	89637586	43	20.5544	5.6041	16.2016	BadSOCS3peaks_peak_263	DPEP1	0.0415	1.0	-0.152826667	
chr16_KI270853v1_alt	776920	777333	414	776962	17	7.10516	3.83572	3.25096	BadSOCS3peaks_peak_264					
chr16_KI270854v1_alt	25911	26211	301	26014	17	8.77835	4.67086	4.79818	BadSOCS3peaks_peak_265					
chr17	404884	405474	591	404930	13	5.71383	3.63289	2.01973	BadSOCS3peaks_peak_266	ENSG00000241525	4.852			
chr17	7237177	7238198	1022	7237817	273	340.97	39.4383	335.597	BadSOCS3peaks_peak_267	PHF23	0.1065	1.0	1.22352	
chr17	7584577	7584913	337	7584724	31	14.4471	5.07115	10.2359	BadSOCS3peaks_peak_268	ENSG00000233223	0.647	1.0		
chr17	21975883	21976979	1097	21976463	921	51.1152	1.71752	46.4431	BadSOCS3peaks_peak_269	ENSG00000265233	80.324			
chr17	21991437	21991839	403	21991697	155	12.1175	1.85128	7.98432	BadSOCS3peaks_peak_270	ENSG00000265233	65.117			
chr17	22815627	22815945	319	22815907	32	6.43384	2.5591	2.65008	BadSOCS3peaks_peak_271	WEE1P2	111.371			
chr17	23016272	23016590	319	23016410	1059	105.869	2.12897	100.943	BadSOCS3peaks_peak_272	WEE1P2	312.016			
chr17	26069477	26069769	293	26069604	29	7.36323	2.94357	3.48399	BadSOCS3peaks_peak_273	ENSG00000263433	912.071			
chr17	26163815	26164221	407	26164189	20	5.89575	3.02264	2.17372	BadSOCS3peaks_peak_274	ENSG00000263433	817.676			
chr17	26484572	26484916	345	26484706	14	6.44058	3.89238	2.65008	BadSOCS3peaks_peak_275	ENSG00000263433	496.95			
chr17	26549079	26549485	407	26549171	57	12.3565	2.91105	8.2136	BadSOCS3peaks_peak_276	ENSG00000263433	432.412			
chr17	26568424	26568805	382	26568701	75	17.9161	3.20555	13.6172	BadSOCS3peaks_peak_277	ENSG00000263433	413.0795			
chr17	26572694	26573050	357	26572751	79	13.708	2.60266	9.52061	BadSOCS3peaks_peak_278	ENSG00000263433	408.822			
chr17	26583421	26583742	322	26583593	20	6.99836	3.46189	3.15222	BadSOCS3peaks_peak_279	ENSG00000263433	398.1125			
chr17	26603734	26604053	320	26603914	3101	238.6	1.92919	233.358	BadSOCS3peaks_peak_280	ENSG00000263433	377.8005			
chr17	26619549	26620107	559	26619804	2252	108.27	1.65758	103.334	BadSOCS3peaks_peak_281	ENSG00000263433	361.866			
chr17	26881034	26881556	523	26881295	2026	132.99	1.82177	127.978	BadSOCS3peaks_peak_282	ENSG00000263433	100.399			
chr17	26882285	26882994	710	26882541	1818	32.4884	1.34095	27.9678	BadSOCS3peaks_peak_283	ENSG00000263433	99.0545			
chr17	26883943	26884354	412	26884114	2156	154.813	1.87925	149.741	BadSOCS3peaks_peak_284	ENSG00000263433	97.5455			
chr17	26885267	26885548	282	26885402	1551	68.6198	1.61727	63.8474	BadSOCS3peaks_peak_285	ENSG00000263433	96.2865			
chr17	26939718	26940061	344	26939980	220	9.0979	1.53748	5.09921	BadSOCS3peaks_peak_286	ENSG00000263433	41.8045			
chr17	38080070	38080407	338	38080264	22	13.1228	5.96832	8.95342	BadSOCS3peaks_peak_287	NPEPPSP1	1.9765			
chr17	38192435	38192733	299	38192680	15	6.02178	3.54797	2.28443	BadSOCS3peaks_peak_288	TBC1D3	0.029	1.0	-0.348496667	
chr17	42535767	42536282	516	42536067	68	60.9022	14.7998	56.1724	BadSOCS3peaks_peak_289	NAGLU	0.2165	1.0	-0.165166667	
chr17	42609093	42609515	423	42609315	54	31.2011	7.34483	26.6947	BadSOCS3peaks_peak_290	RETREG3	0.02	1.0		
chr17	44946775	44947117	343	44946908	29	15.1562	5.63327	10.9241	BadSOCS3peaks_peak_291	KIF18B	0.691	1.0	-0.099986667	
chr17	46444333	46444675	343	46444592	16	7.97433	4.41137	4.04496	BadSOCS3peaks_peak_292	RDM1P2	59.442			
chr17	50718854	50719172	319	50719024	35	16.2016	5.18167	11.9427	BadSOCS3peaks_peak_293	LUC7L3	0.552	1.0	-0.339876667	
chr17	51046457	51046886	430	51046683	36	21.4316	6.9477	17.0636	BadSOCS3peaks_peak_294	SPAG9	0.1655	1.0	-0.02583	
chr17	58007477	58007906	430	58007683	41	29.0224	9.0086	24.5428	BadSOCS3peaks_peak_295	SRSF1	0.3455	1.0	0.6767478333333332	
chr17	58300906	58302654	1749	58301578	289	386.505	47.4489	381.086	BadSOCS3peaks_peak_296	TSPOAP1	3.608			
chr17	62566827	62567165	339	62567007	21	11.2512	5.23257	7.15047	BadSOCS3peaks_peak_297	TLK2	2.236		-0.500983333	
chr17	62810948	62811382	435	62811175	51	35.4329	9.2973	30.8834	BadSOCS3peaks_peak_298	MARCHF10-DT	2.665			
chr17	65134555	65134913	359	65134721	39	22.4827	6.81873	18.0973	BadSOCS3peaks_peak_299	RGS9	2.636		0.3388266666666667	
chr17	74434667	74435105	439	74434995	26	9.3253	3.78458	5.31472	BadSOCS3peaks_peak_300	GPRC5C	1.189		-0.173373333	
chr17	76570817	76571335	519	76571064	72	39.2569	7.16269	34.6713	BadSOCS3peaks_peak_301	ST6GALNAC2	0.066	1.0	0.06523	
chr17	77830030	77831677	1648	77831038	425	510.3	37.7892	504.775	BadSOCS3peaks_peak_302	LINC01973	53.2335			
chr17	78357288	78361179	3892	78360034	7629	18765.1	708.719	18755.6	BadSOCS3peaks_peak_303	SOCS3	0.8405	1.0	-1.21738	
chr17_KI270729v1_random	978	1325	348	1056	1320	31.5058	1.40668	26.9962	BadSOCS3peaks_peak_304					
chr17_KI270729v1_random	23316	23624	309	23456	644	25.4573	1.55755	21.0265	BadSOCS3peaks_peak_305					
chr17_KI270730v1_random	106805	107182	378	106870	226	6.3372	1.40484	2.56961	BadSOCS3peaks_peak_306					
chr17_KI270857v1_alt	2275244	2275526	283	2275358	22	11.3276	5.10021	7.2234	BadSOCS3peaks_peak_307					
chr18	107999	109123	1125	108178	4869	153.118	1.49697	148.05	BadSOCS3peaks_peak_308	ROCK1P1	0.504	1.0		
chr18	110273	110636	364	110402	1754	77.8396	1.61981	73.0247	BadSOCS3peaks_peak_309	ROCK1P1	1.1585			
chr18	3789116	3789676	561	3789429	68	55.5576	12.7185	50.8583	BadSOCS3peaks_peak_310	ENSG00000266513	17.966			
chr18	16983655	16983954	300	16983797	23	7.27486	3.30748	3.4032	BadSOCS3peaks_peak_311	ENSG00000215512	1653.5225			
chr18	18876422	18876771	350	18876683	26	6.86903	2.96367	3.03671	BadSOCS3peaks_peak_312	ROCK1	2078.2735		-0.39563	
chr18	20170399	20170688	290	20170546	18	7.60306	3.94616	3.70485	BadSOCS3peaks_peak_313	ROCK1	784.3265		-0.39563	
chr18	23662712	23663174	463	23662894	53	34.0875	8.42844	29.5512	BadSOCS3peaks_peak_314	ANKRD29	0.032	1.0	0.2200766666666666	
chr18	57630329	57630947	619	57630715	63	55.4793	14.0965	50.7802	BadSOCS3peaks_peak_315	ATP8B1-AS1	0.288	1.0		
chr18	65750233	65750827	595	65750756	24	8.97852	3.85011	4.98535	BadSOCS3peaks_peak_316	CDH7	0.123	1.0	-0.0594	
chr18	79439184	79439600	417	79439345	30	16.0137	5.82105	11.7587	BadSOCS3peaks_peak_317	NFATC1	8.878		0.1965666666666667	
chr18	79964394	79964830	437	79964589	36	21.1076	6.82006	16.7444	BadSOCS3peaks_peak_318	HSBP1L1	0.018	1.0	0.42956	
chr19	933297	933839	543	933604	45	26.3203	7.17978	21.8775	BadSOCS3peaks_peak_319	ARID3A	1.003		-0.129176667	
chr19	2036494	2036790	297	2036662	22	9.56133	4.31227	5.53737	BadSOCS3peaks_peak_320	BTBD2	1.761		0.073353333	
chr19	3700788	3701076	289	3700929	28	15.6818	6.02309	11.4372	BadSOCS3peaks_peak_321	PIP5K1C	0.464	1.0	0.6036333333333332	
chr19	5192716	5193158	443	5192955	39	30.9035	10.3797	26.4012	BadSOCS3peaks_peak_322	PTPRS-AS1	14.818			
chr19	9986081	9986575	495	9986369	47	39.1324	11.8465	34.5484	BadSOCS3peaks_peak_323	ENSG00000267650	9.669			
chr19	12996849	12997205	357	12997142	19	7.14747	3.62534	3.29092	BadSOCS3peaks_peak_324	NFIX	1.419		-0.567613333	
chr19	13064833	13065490	658	13065129	52	39.8477	10.7688	35.258	BadSOCS3peaks_peak_325	NFIX	4.8415		-0.567613333	
chr19	13097928	13098953	1026	13098333	208	249.03	33.9417	243.771	BadSOCS3peaks_peak_326	LYL1	4.2835		-0.115633333	
chr19	14091116	14091960	845	14091542	239	295.04	37.4597	289.72	BadSOCS3peaks_peak_327	SAMD1	0.502	1.0	-0.237533333	
chr19	14461919	14462266	348	14462257	16	5.56928	3.22423	1.90654	BadSOCS3peaks_peak_328	PKN1	1.4505		-0.10649	
chr19	14529035	14529521	487	14529224	40	27.4274	8.56877	22.9685	BadSOCS3peaks_peak_329	DNAJB1	0.002	1.0	0.046626667	
chr19	14571857	14572627	771	14572267	218	305.71	50.4403	300.377	BadSOCS3peaks_peak_330	NDUFB7	0.176	1.0	-0.17466	
chr19	16786028	16786421	394	16786223	24	14.9946	6.4873	10.767	BadSOCS3peaks_peak_331	NWD1	2.7795		-0.194876667	
chr19	23778268	23778609	342	23778458	35	16.2016	5.18167	11.9427	BadSOCS3peaks_peak_332	RPSAP58	2.4655			
chr19	24852952	24853318	367	24853011	23	4.965	2.51436	1.42355	BadSOCS3peaks_peak_333	ENSG00000268442	689.651			
chr19	24932592	24932936	345	24932696	152	24.202	2.576	19.7897	BadSOCS3peaks_peak_334	ENSG00000268442	769.28			
chr19	25088660	25088968	309	25088930	93	10.4968	2.09841	6.42584	BadSOCS3peaks_peak_335	ENSG00000268442	925.33			
chr19	25206202	25206507	306	25206321	30	7.89663	3.04169	3.97807	BadSOCS3peaks_peak_336	ENSG00000268442	1042.8705			
chr19	25240529	25240917	389	25240787	32	13.2896	4.54779	9.11544	BadSOCS3peaks_peak_337	ENSG00000268442	1077.239			
chr19	25287096	25287393	298	25287277	23	10.3246	4.50662	6.26369	BadSOCS3peaks_peak_338	ENSG00000268442	1123.7605			
chr19	25294485	25294869	385	25294523	121	6.51709	1.61344	2.71704	BadSOCS3peaks_peak_339	ENSG00000268442	1131.193			
chr19	25379163	25379460	298	25379270	53	8.10065	2.33078	4.1638	BadSOCS3peaks_peak_340	ENSG00000268442	1215.8275			
chr19	25618778	25619082	305	25618880	76	14.4619	2.74663	10.2505	BadSOCS3peaks_peak_341	ENSG00000268442	1455.446			
chr19	25667835	25668145	311	25667922	52	11.3599	2.89586	7.25437	BadSOCS3peaks_peak_342	ENSG00000268442	1504.506			
chr19	25931231	25931525	295	25931315	44	8.48304	2.61314	4.52191	BadSOCS3peaks_peak_343	ENSG00000279882	1708.287			
chr19	25963559	25963841	283	25963714	258	32.1739	2.30465	27.657	BadSOCS3peaks_peak_344	ENSG00000279882	1675.965			
chr19	26459983	26460302	320	26460193	137	24.1024	2.71957	19.6924	BadSOCS3peaks_peak_345	ENSG00000279882	1179.5225			
chr19	26665444	26665746	303	26665531	19	5.34057	2.87871	1.71343	BadSOCS3peaks_peak_346	ENSG00000279882	974.07			
chr19	26867992	26868297	306	26868115	29	11.1035	4.11704	7.00867	BadSOCS3peaks_peak_347	ENSG00000279882	771.5205			
chr19	26965889	26966177	289	26965898	42	5.84898	2.15819	2.13435	BadSOCS3peaks_peak_348	ENSG00000279882	673.632			
chr19	27132743	27133066	324	27132933	133	16.1176	2.21577	11.8609	BadSOCS3peaks_peak_349	ENSG00000279882	506.7605			
chr19	27144774	27145101	328	27144870	117	24.2382	2.99577	19.8253	BadSOCS3peaks_peak_350	ENSG00000279882	494.7275			
chr19	29844462	29845044	583	29844738	70	61.1342	14.2932	56.403	BadSOCS3peaks_peak_351	ENSG00000286538	2.935			
chr19	29942160	29943023	864	29942596	292	362.031	39.1279	356.637	BadSOCS3peaks_peak_352	URI1	0.2805	1.0	0.42781	
chr19	35657806	35658245	440	35658039	57	43.6141	11.0003	38.9969	BadSOCS3peaks_peak_353	COX6B1	6.7805		-0.709996667	
chr19	37291388	37291856	469	37291776	102	6.36064	1.67324	2.5876	BadSOCS3peaks_peak_354	ENSG00000267605	12.718			
chr19	37295550	37295864	315	37295581	84	6.28751	1.7597	2.52388	BadSOCS3peaks_peak_355	ENSG00000267605	8.633			
chr19	38223775	38224276	502	38224027	58	47.9485	12.4512	43.299	BadSOCS3peaks_peak_356	DPF1	0.0645	1.0	-0.52625	
chr19	38507268	38507745	478	38507477	28	16.4128	6.34482	12.1487	BadSOCS3peaks_peak_357	RYR1	11.2915		-0.433096667	
chr19	39031625	39032182	558	39031791	88	87.617	19.0897	82.7603	BadSOCS3peaks_peak_358	FBXO27	0.1595	1.0	0.3833666666666667	
chr19	39390617	39391133	517	39390900	82	81.2988	18.5938	76.4682	BadSOCS3peaks_peak_359	PAF1	0.207	1.0	-0.854216667	
chr19	41994088	41994508	421	41994360	41	27.8195	8.5074	23.355	BadSOCS3peaks_peak_360	ATP1A3	0.028	1.0	0.2378733333333333	
chr19	43595899	43596277	379	43596084	51	28.4373	6.94421	23.9647	BadSOCS3peaks_peak_361	IRGQ	0.046	1.0	-0.279436667	
chr19	44443832	44444155	324	44443930	28	15.7687	6.06084	11.5217	BadSOCS3peaks_peak_362	ZNF229	4.4525		0.3208166666666667	
chr19	44777650	44778317	668	44778164	19	6.64291	3.40937	2.83094	BadSOCS3peaks_peak_363	CBLC	0.0935	1.0	-0.171186667	
chr19	45669542	45670446	905	45669710	37	17.8051	5.46954	13.5082	BadSOCS3peaks_peak_364	GIPR	0.262	1.0	-0.473966667	
chr19	45890953	45891466	514	45891209	62	47.1293	11.1124	42.4856	BadSOCS3peaks_peak_365	IRF2BP1	5.0685		0.2396733333333333	
chr19	47045216	47045521	306	47045491	18	6.77459	3.56774	2.9522	BadSOCS3peaks_peak_366	TMEM160	3.2555		-0.417906667	
chr19	47789605	47789945	341	47789838	22	12.6663	5.74129	8.51322	BadSOCS3peaks_peak_367	ENSG00000271150	4.875			
chr19	49064782	49065238	457	49064971	51	32.095	8.11627	27.579	BadSOCS3peaks_peak_368	NTF4	0.044	1.0	-0.114416667	
chr19	52821580	52821946	367	52821743	31	17.4751	6.25001	13.1855	BadSOCS3peaks_peak_369	ZNF28	0.094	1.0	-0.30251	
chr19	52857572	52857937	366	52857759	31	17.2964	6.17638	13.0109	BadSOCS3peaks_peak_370	ZNF468	0.1055	1.0	-0.03728	
chr19	55631781	55632163	383	55631933	41	29.5891	9.25082	25.1021	BadSOCS3peaks_peak_371	ZNF580	3.044		-0.37172	
chr19	58305004	58305347	344	58305198	17	8.77835	4.67086	4.79818	BadSOCS3peaks_peak_372	ERVK3-1	0.1985	1.0		
chr1_KI270709v1_random	731	1020	290	894	401	24.3673	1.74592	19.952	BadSOCS3peaks_peak_373					
chr1_KI270709v1_random	5436	5727	292	5597	1114	52.3117	1.63945	47.6319	BadSOCS3peaks_peak_374					
chr1_KI270709v1_random	7294	7591	298	7481	1732	46.3737	1.44127	41.7365	BadSOCS3peaks_peak_375					
chr1_KI270709v1_random	13811	14145	335	13907	1183	76.534	1.80699	71.7247	BadSOCS3peaks_peak_376					
chr1_KI270709v1_random	15801	16238	438	16167	521	11.9424	1.37949	7.81545	BadSOCS3peaks_peak_377					
chr2	10024419	10025300	882	10024786	197	264.22	44.0552	258.939	BadSOCS3peaks_peak_378	ENSG00000260476	3.2815			
chr2	10447787	10448086	300	10448053	15	5.56534	3.32308	1.90307	BadSOCS3peaks_peak_379	ODC1	0.0735	1.0	0.7564799999999999	
chr2	20446090	20446532	443	20446283	57	46.8464	12.2797	42.2047	BadSOCS3peaks_peak_380	ENSG00000290108	0.582	1.0		
chr2	27428302	27429505	1204	27428904	1419	2946.23	261.743	2939.98	BadSOCS3peaks_peak_381	NRBP1	0.2505	1.0	-0.644893333	
chr2	28446185	28446709	525	28446496	34	25.205	9.04689	20.7791	BadSOCS3peaks_peak_382	ENSG00000227938	3.737			
chr2	28894027	28894528	502	28894342	24	11.0899	4.69439	6.99554	BadSOCS3peaks_peak_383	WDR43	0.3895	1.0	-0.099193333	
chr2	33105486	33105922	437	33105679	34	25.2786	9.08222	20.8506	BadSOCS3peaks_peak_384	LTBP1	28.702		0.035913333	
chr2	55617757	55618116	360	55617818	24	11.2016	4.74151	7.10308	BadSOCS3peaks_peak_385	PPP4R3B-DT	0.0675	1.0		
chr2	61537881	61539132	1252	61538481	1388	2957.94	288.485	2951.69	BadSOCS3peaks_peak_386	XPO1	0.0095	1.0	0.2809876666666667	
chr2	61616808	61617346	539	61617079	58	54.4913	15.31	49.7973	BadSOCS3peaks_peak_387	RNU6-1145P	11.461			
chr2	64375852	64376149	298	64375967	30	10.6074	3.86103	6.5319	BadSOCS3peaks_peak_388	RPL23AP37	28.2595			
chr2	70896954	70898081	1128	70897668	197	212.299	26.4414	207.102	BadSOCS3peaks_peak_389	ENSG00000277764	2.6375			
chr2	75461501	75462295	795	75461844	160	214.792	41.7782	209.59	BadSOCS3peaks_peak_390	GAPDHP57	5.32			
chr2	89828574	89829554	981	89828637	2022	88.4516	1.61492	83.5915	BadSOCS3peaks_peak_391	IGKV2D-40	22.727			
chr2	89836277	89836847	571	89836512	3631	223.426	1.78756	218.209	BadSOCS3peaks_peak_392	IGKV2D-40	15.229			
chr2	90392333	90392655	323	90392646	27	5.86657	2.60893	2.14903	BadSOCS3peaks_peak_393	ENSG00000281904	26.757			
chr2	92902248	92902549	302	92902372	19	10.4544	5.18984	6.3854	BadSOCS3peaks_peak_394	IGKV1OR2-2	867.3985			
chr2	96816237	96816524	288	96816478	32	15.0248	5.15071	10.7962	BadSOCS3peaks_peak_395	CNNM3	0.1125	1.0	-0.340366667	
chr2	108534684	108534987	304	108534713	14	5.14004	3.21736	1.54055	BadSOCS3peaks_peak_396	LIMS1	0.3655	1.0	0.0113796666666666	
chr2	109199418	109199729	312	109199495	298	22.9522	1.88191	18.5602	BadSOCS3peaks_peak_397	SNRPGP9	51.8485			
chr2	110732266	110733494	1229	110732979	434	568.626	47.748	563.066	BadSOCS3peaks_peak_398	ACOXL	0.025	1.0	0.089806667	
chr2	113235988	113236329	342	113236033	19	6.02827	3.15421	2.28939	BadSOCS3peaks_peak_399	PAX8-AS1	0.0785	1.0		
chr2	119126775	119127244	470	119126970	42	27.2653	8.07435	22.8086	BadSOCS3peaks_peak_400	C1QL2	31.7415		0.313983	
chr2	126732896	126733670	775	126733252	87	62.7589	10.9603	58.0182	BadSOCS3peaks_peak_401	RNU6-675P	30.341			
chr2	152175407	152176032	626	152175742	95	90.7956	18.0265	85.9264	BadSOCS3peaks_peak_402	STAM2	0.0095	1.0	-0.140856667	
chr2	164637181	164637495	315	164637354	30	20.8022	7.95024	16.4448	BadSOCS3peaks_peak_403	GRB14	15.856		-0.732783333	
chr2	168456369	168456793	425	168456753	15	6.46127	3.76991	2.6667	BadSOCS3peaks_peak_404	CERS6	0.309	1.0	0.2584599999999999	
chr2	176116282	176116608	327	176116507	28	13.0551	4.94358	8.88904	BadSOCS3peaks_peak_405	HOXD10	0.333	1.0	0.4564766666666666	
chr2	181963235	181963699	465	181963406	49	28.2954	7.19676	23.8244	BadSOCS3peaks_peak_406	KRT18P29	0.989	1.0		
chr2	184560056	184561163	1108	184560803	204	230.265	29.5067	225.037	BadSOCS3peaks_peak_407	ENSG00000283839	37.7355			
chr2	193252223	193252822	600	193252507	67	58.7067	14.2116	53.9897	BadSOCS3peaks_peak_408	SLC44A3P1	3.9605			
chr2	227237831	227238168	338	227237999	29	19.959	7.78476	15.617	BadSOCS3peaks_peak_409	MFF-DT	13.9115			
chr2	231432348	231432682	335	231432535	35	17.4643	5.61896	13.1751	BadSOCS3peaks_peak_410	ZBTB8OSP2	1.911			
chr2	232633263	232635647	2385	232634189	811	1443.89	134.536	1437.96	BadSOCS3peaks_peak_411	EFHD1	0.739	1.0	-0.430933333	
chr2	234931071	234931427	357	234931225	26	11.514	4.60265	7.40125	BadSOCS3peaks_peak_412	ENSG00000235726	17.865			
chr2	238845860	238846207	348	238846046	19	8.80174	4.37574	4.8207	BadSOCS3peaks_peak_413	TWIST2	1.9985		0.2432533333333333	
chr2	238846615	238849525	2911	238847890	519	782.383	73.2014	776.708	BadSOCS3peaks_peak_414	TWIST2	0.015	1.0	0.2432533333333333	
chr20	62050	62804	755	62691	170	6.27017	1.47891	2.50778	BadSOCS3peaks_peak_415	DEFB125	24.823		0.5397043333333333	
chr20	3870931	3871711	781	3871411	141	139.54	20.887	134.509	BadSOCS3peaks_peak_416	PANK2	17.518		-0.03719	
chr20	23049758	23050065	308	23049850	22	10.6545	4.79212	6.5774	BadSOCS3peaks_peak_417	THBD	0.2395	1.0	-0.144463333	
chr20	26441125	26441449	325	26441189	27	5.86657	2.60893	2.14903	BadSOCS3peaks_peak_418	MIR663AHG	189.741			
chr20	27425614	27426046	433	27425691	71	8.82531	2.15303	4.84276	BadSOCS3peaks_peak_419	MIR663AHG	1174.284			
chr20	29429810	29431676	1867	29430723	578	862.613	72.1141	856.898	BadSOCS3peaks_peak_420	AGGF1P10	0.02	1.0		
chr20	31052017	31052477	461	31052101	346	13.0321	1.52134	8.867	BadSOCS3peaks_peak_421	DEFB115	205.417		-0.05549	
chr20	31069270	31069560	291	31069316	689	20.3186	1.45704	15.9703	BadSOCS3peaks_peak_422	DEFB115	188.249		-0.05549	
chr20	31075380	31075754	375	31075687	454	14.6944	1.47674	10.4766	BadSOCS3peaks_peak_423	DEFB115	182.097		-0.05549	
chr20	31186495	31186885	391	31186610	881	31.1463	1.52191	26.641	BadSOCS3peaks_peak_424	DEFB115	70.974		-0.05549	
chr20	44209921	44210646	726	44210317	115	122.812	23.3523	117.829	BadSOCS3peaks_peak_425	OSER1	0.2075	1.0	0.2803233333333333	
chr20	44247865	44248695	831	44248395	128	149.108	28.7026	144.05	BadSOCS3peaks_peak_426	GDAP1L1	0.784	1.0	-0.141873333	
chr20	45791805	45792349	545	45792058	53	45.4184	12.8436	40.7882	BadSOCS3peaks_peak_427	DNTTIP1	0.022	1.0	0.1541566666666667	
chr20	46223905	46224344	440	46224097	37	24.4147	7.96808	19.9988	BadSOCS3peaks_peak_428	CDH22	3.2755		-0.237443333	
chr21	7257891	7258287	397	7258175	349	10.5233	1.4454	6.45073	BadSOCS3peaks_peak_429	ENSG00000279303	120.3			
chr21	7324267	7324570	304	7324377	96	10.4216	2.06565	6.35584	BadSOCS3peaks_peak_430	ENSG00000279647	64.3805			
chr21	7962796	7963118	323	7962907	41	7.97245	2.60235	4.04496	BadSOCS3peaks_peak_431	ENSG00000276289	133.325			
chr21	8203745	8204032	288	8203818	373	13.1882	1.50095	9.01638	BadSOCS3peaks_peak_432	MIR6724-1	1.4265			
chr21	8208389	8208948	560	8208849	632	18.4917	1.45279	14.1805	BadSOCS3peaks_peak_433	ENSG00000277437	0.1755	1.0		
chr21	8209722	8210005	284	8209888	500	17.9069	1.51442	13.6081	BadSOCS3peaks_peak_434	ENSG00000277437	1.0195			
chr21	8392702	8393008	307	8392899	515	19.5762	1.53715	15.2425	BadSOCS3peaks_peak_435	ENSG00000280614	1.486			
chr21	8426406	8426839	434	8426778	434	6.55804	1.28141	2.75344	BadSOCS3peaks_peak_436	ENSG00000286178	2.8625			
chr21	8456092	8456400	309	8456169	403	5.25416	1.2519	1.64199	BadSOCS3peaks_peak_437	ENSG00000286149	6.074			
chr21	8468617	8468975	359	8468834	345	10.0829	1.43529	6.03197	BadSOCS3peaks_peak_438	ENSG00000286148	0.476	1.0		
chr21	8469550	8469959	410	8469768	388	15.7598	1.5544	11.5135	BadSOCS3peaks_peak_439	ENSG00000286148	1.4345			
chr21	10368503	10368806	304	10368561	72	5.16184	1.71229	1.5592	BadSOCS3peaks_peak_440	VN1R7P	11.2545			
chr21	11302486	11302841	356	11302709	22	10.2921	4.63019	6.23294	BadSOCS3peaks_peak_441	IGHV1OR21-1	652.8285			
chr21	11370712	11371069	358	11370993	30	10.6074	3.86103	6.5319	BadSOCS3peaks_peak_442	IGHV1OR21-1	721.0555			
chr21	11630912	11631261	350	11630977	35	13.1126	4.20088	8.94495	BadSOCS3peaks_peak_443	IGHV1OR21-1	981.2515			
chr21	11725998	11726398	401	11726277	29	8.54469	3.29297	4.58006	BadSOCS3peaks_peak_444	IGHV1OR21-1	1076.363			
chr21	11740333	11740646	314	11740601	22	6.41672	3.07148	2.63565	BadSOCS3peaks_peak_445	IGHV1OR21-1	1090.6545			
chr21	11788855	11789156	302	11789036	45	9.86376	2.85019	5.82361	BadSOCS3peaks_peak_446	IGHV1OR21-1	1139.1705			
chr21	11901678	11902048	371	11901889	25	8.19022	3.4721	4.2473	BadSOCS3peaks_peak_447	ENSG00000229306	1114.829			
chr21	12129649	12129948	300	12129690	35	9.47122	3.19345	5.45204	BadSOCS3peaks_peak_448	ENSG00000229306	886.8935			
chr21	12212024	12212324	301	12212252	21	6.47042	3.16658	2.6734	BadSOCS3peaks_peak_449	ENSG00000229306	804.518			
chr21	12224355	12224766	412	12224682	64	8.39847	2.19177	4.44337	BadSOCS3peaks_peak_450	ENSG00000229306	792.1315			
chr21	12241213	12241585	373	12241541	62	10.3307	2.48708	6.26956	BadSOCS3peaks_peak_451	ENSG00000229306	775.293			
chr21	12545114	12545432	319	12545198	20	6.83118	3.39359	3.00506	BadSOCS3peaks_peak_452	ENSG00000229306	471.419			
chr21	12768427	12768771	345	12768450	24	5.82766	2.74414	2.11886	BadSOCS3peaks_peak_453	ENSG00000229306	248.093			
chr21	12843795	12844155	361	12844064	36	8.87653	2.99487	4.89003	BadSOCS3peaks_peak_454	ENSG00000229306	172.717			
chr21	12862499	12862898	400	12862524	47	7.80707	2.40915	3.8953	BadSOCS3peaks_peak_455	ENSG00000229306	153.9935			
chr21	32456010	32456373	364	32456112	31	19.7208	7.21806	15.3847	BadSOCS3peaks_peak_456	EVA1C	4.0065		-0.330406667	
chr21	43774654	43777747	3094	43776117	2508	5587.94	386.397	5581.14	BadSOCS3peaks_peak_457	CSTB	0.0375	1.0	0.078741667	
chr22	12977714	12978004	291	12977993	51	6.41204	2.0976	2.63248	BadSOCS3peaks_peak_458	FRG1GP	375.393			
chr22	13562016	13562433	418	13562087	27	12.277	4.77311	8.13694	BadSOCS3peaks_peak_459	FRG1GP	959.7585			
chr22	13570516	13570828	313	13570796	18	5.37303	2.96556	1.73797	BadSOCS3peaks_peak_460	FRG1GP	968.206			
chr22	13912221	13912509	289	13912467	27	8.70472	3.48738	4.73131	BadSOCS3peaks_peak_461	FRG1GP	1309.899			
chr22	13950005	13950341	337	13950087	27	6.33832	2.74733	2.56989	BadSOCS3peaks_peak_462	U6	1323.682			
chr22	14355704	14356212	509	14355911	25	4.94899	2.42257	1.40956	BadSOCS3peaks_peak_463	U6	917.897			
chr22	14362848	14363187	340	14363187	63	4.90488	1.74456	1.37754	BadSOCS3peaks_peak_464	U6	910.8375			
chr22	14379735	14380089	355	14380061	67	10.196	2.3797	6.14027	BadSOCS3peaks_peak_465	U6	893.943			
chr22	14404905	14405534	630	14405036	58	10.1735	2.54659	6.11866	BadSOCS3peaks_peak_466	U6	868.6355			
chr22	14555285	14555607	323	14555292	26	6.33556	2.79764	2.568	BadSOCS3peaks_peak_467	U6	718.409			
chr22	14572197	14572486	290	14572241	19	6.64291	3.40937	2.83094	BadSOCS3peaks_peak_468	U6	701.5135			
chr22	14648041	14648417	377	14648048	58	6.0834	1.95383	2.33959	BadSOCS3peaks_peak_469	U6	625.626			
chr22	14798537	14798840	304	14798620	30	4.82243	2.21801	1.31329	BadSOCS3peaks_peak_470	U6	475.1665			
chr22	14864858	14865180	323	14864876	59	5.45078	1.85415	1.80344	BadSOCS3peaks_peak_471	U6	408.836			
chr22	14982327	14982677	351	14982605	41	8.87057	2.78924	4.88443	BadSOCS3peaks_peak_472	U6	291.353			
chr22	20850894	20851285	392	20851127	30	9.83515	3.61742	5.79672	BadSOCS3peaks_peak_473	PI4KA	7.7215		-0.563963333	
chr22	31044445	31044813	369	31044636	30	17.5849	6.47883	13.2926	BadSOCS3peaks_peak_474	ENSG00000278920	7.001			
chr22	31084979	31085416	438	31085302	39	20.8808	6.24329	16.5221	BadSOCS3peaks_peak_475	SMTN	0.1035	1.0	-0.125897333	
chr22	31489690	31490192	503	31489867	58	36.9937	8.49218	32.4282	BadSOCS3peaks_peak_476	EIF4ENIF1	0.004	1.0	0.091883333	
chr22	39152203	39154304	2102	39152972	2198	4787.21	343.225	4780.59	BadSOCS3peaks_peak_477	CBX7	0.5735	1.0	-0.202963333	
chr22	39660983	39663610	2628	39662458	675	1100.4	97.3002	1094.58	BadSOCS3peaks_peak_478	CACNA1I	19.4995		0.2469033333333333	
chr22	43554472	43554762	291	43554612	17	7.37298	3.96464	3.49292	BadSOCS3peaks_peak_479	EFCAB6	15.526		0.03423	
chr22_KI270733v1_random	125971	126304	334	126174	529	18.3093	1.50377	14.0015	BadSOCS3peaks_peak_480					
chr22_KI270733v1_random	132672	133129	458	132806	492	7.41579	1.2845	3.53195	BadSOCS3peaks_peak_481					
chr22_KI270733v1_random	138980	139536	557	139169	627	8.24846	1.26544	4.30336	BadSOCS3peaks_peak_482					
chr22_KI270734v1_random	121425	121717	293	121560	538	64.9267	2.30306	60.1745	BadSOCS3peaks_peak_483					
chr22_KI270735v1_random	40932	41262	331	41017	448	24.7682	1.69873	20.3472	BadSOCS3peaks_peak_484					
chr22_KI270736v1_random	62392	62782	391	62722	224	13.6285	1.72064	9.44305	BadSOCS3peaks_peak_485					
chr22_KI270736v1_random	172882	173269	388	173092	179	13.768	1.85104	9.57906	BadSOCS3peaks_peak_486					
chr22_KI270737v1_random	32977	33371	395	33019	223	5.14372	1.35013	1.54416	BadSOCS3peaks_peak_487					
chr2_KI270772v1_alt	11623	11926	304	11782	50	7.26837	2.25389	3.39715	BadSOCS3peaks_peak_488					
chr3	32779081	32782608	3528	32781459	3099	6577.9	321.21	6570.96	BadSOCS3peaks_peak_489	RPL23AP43	4.8015			
chr3	40452849	40453704	856	40453269	287	451.677	73.2867	446.201	BadSOCS3peaks_peak_490	ENTPD3-AS1	0.0195	1.0		
chr3	48556642	48556954	313	48556852	30	14.2646	5.13624	10.0595	BadSOCS3peaks_peak_491	PFKFB4	0.005	1.0	-0.485733333	
chr3	49020792	49021489	698	49021124	89	78.4144	15.3422	73.5958	BadSOCS3peaks_peak_492	NDUFAF3	0.0445	1.0	-0.35825	
chr3	57711956	57712262	307	57712097	21	11.994	5.59829	7.86456	BadSOCS3peaks_peak_493	DENND6A-DT	18.904			
chr3	72638988	72639491	504	72639215	44	34.6794	10.703	30.1369	BadSOCS3peaks_peak_494	RNA5SP136	52.5715			
chr3	75654908	75656572	1665	75655679	533	861.507	91.0301	855.793	BadSOCS3peaks_peak_495	AGGF1P3	0.967	1.0		
chr3	75669061	75669416	356	75669256	1447	50.911	1.52697	46.2403	BadSOCS3peaks_peak_496	DUX4L26	0.3075	1.0		
chr3	84522362	84522673	312	84522586	12	5.01612	3.3734	1.43583	BadSOCS3peaks_peak_497	ENSG00000241776	170.0735			
chr3	85290017	85290422	406	85290314	15	4.89765	3.00441	1.37078	BadSOCS3peaks_peak_498	MIR5688	95.4905			
chr3	93841543	93841853	311	93841700	19	10.4544	5.18984	6.3854	BadSOCS3peaks_peak_499	RNU6-488P	2.066			
chr3	102142455	102143060	606	102142696	48	36.0695	10.2407	31.5134	BadSOCS3peaks_peak_500	ZPLD1	32.9255		0.1269833333333333	
chr3	113788142	113789006	865	113788607	161	172.686	25.2853	167.573	BadSOCS3peaks_peak_501	ATP6V1A	12.352		0.3503976333333333	
chr3	119323319	119323920	602	119323654	59	52.9433	14.2706	48.2591	BadSOCS3peaks_peak_502	ARHGAP31-AS1	0.8595	1.0		
chr3	119702249	119704257	2009	119702957	1152	2241.26	196.55	2235.14	BadSOCS3peaks_peak_503	ENSG00000285585	0.177	1.0		
chr3	120450982	120451480	499	120451197	50	32.5291	8.44995	28.0082	BadSOCS3peaks_peak_504	FSTL1	0.238	1.0	0.009	
chr3	123365704	123366051	348	123365897	36	23.3494	7.7328	18.95	BadSOCS3peaks_peak_505	ADCY5	37.1705		0.068493333	
chr3	124584185	124584667	483	124584378	39	30.9035	10.3797	26.4012	BadSOCS3peaks_peak_506	KALRN	0.233	1.0	0.1661766666666666	
chr3	150409022	150410432	1411	150409727	871	1451.86	108.607	1445.92	BadSOCS3peaks_peak_507	TSC22D2	1.242		-0.72682	
chr3	150603063	150603832	770	150603343	154	145.445	19.3052	140.397	BadSOCS3peaks_peak_508	SELENOT	0.1115	1.0		
chr3	155429224	155429557	334	155429415	37	20.661	6.4778	16.3058	BadSOCS3peaks_peak_509	ENSG00000242152	4.0075			
chr3	190513566	190514157	592	190513849	118	127.232	23.9562	122.237	BadSOCS3peaks_peak_510	IL1RAP	0.1895	1.0	0.33732	
chr3	194629935	194630302	368	194630091	30	7.89663	3.04169	3.97807	BadSOCS3peaks_peak_511	TMEM44-AS2	2.7855			
chr3	197653797	197654295	499	197653826	18	6.71696	3.54204	2.89952	BadSOCS3peaks_peak_512	ENSG00000286909	2.564			
chr4	6511657	6511992	336	6511872	118	15.8801	2.32041	11.6298	BadSOCS3peaks_peak_513	PPP2R2C	11.7225		0.2230433333333333	
chr4	7095767	7096060	294	7095912	18	8.07823	4.17088	4.14297	BadSOCS3peaks_peak_514	LINC02447	7.4715			
chr4	9153337	9153817	481	9153564	47	34.8049	9.96925	30.2615	BadSOCS3peaks_peak_515	FAM86KP	0.281	1.0		
chr4	25377447	25377746	300	25377512	19	7.78377	3.90626	3.87423	BadSOCS3peaks_peak_516	ANAPC4	0.2395	1.0	1.0072833333333333	
chr4	39421551	39422037	487	39421979	17	8.77835	4.67086	4.79818	BadSOCS3peaks_peak_517	MIR5591	9.884			
chr4	49091883	49092179	297	49092089	1422	36.8135	1.42968	32.25	BadSOCS3peaks_peak_518	CWH43	63.339		-0.672516667	
chr4	49094600	49095052	453	49094956	1390	65.6769	1.64507	60.921	BadSOCS3peaks_peak_519	CWH43	66.134		-0.672516667	
chr4	49096794	49097320	527	49097257	1219	25.6097	1.37346	21.1767	BadSOCS3peaks_peak_520	CWH43	68.365		-0.672516667	
chr4	49099404	49099785	382	49099473	1066	16.1386	1.30099	11.8812	BadSOCS3peaks_peak_521	CWH43	70.9025		-0.672516667	
chr4	49105350	49106031	682	49105777	1058	18.9601	1.33525	14.638	BadSOCS3peaks_peak_522	CWH43	76.9985		-0.672516667	
chr4	49109491	49110023	533	49109716	1389	35.2155	1.4236	30.6679	BadSOCS3peaks_peak_523	CWH43	81.065		-0.672516667	
chr4	49110503	49110857	355	49110757	2305	88.5248	1.56348	83.6646	BadSOCS3peaks_peak_524	CWH43	81.988		-0.672516667	
chr4	49112408	49112792	385	49112445	577	19.1393	1.49126	14.8141	BadSOCS3peaks_peak_525	CWH43	83.908		-0.672516667	
chr4	49118508	49120002	1495	49118963	2354	57.0282	1.41605	52.3209	BadSOCS3peaks_peak_526	ENSG00000249828	84.471			
chr4	49120523	49121224	702	49121047	975	36.1055	1.54039	31.549	BadSOCS3peaks_peak_527	ENSG00000249828	82.8525			
chr4	49123350	49123711	362	49123643	1062	25.0224	1.40044	20.5989	BadSOCS3peaks_peak_528	ENSG00000249828	80.1955			
chr4	49130631	49130968	338	49130889	639	37.2245	1.73598	32.6567	BadSOCS3peaks_peak_529	ENSG00000249828	72.9265			
chr4	49139397	49139810	414	49139705	1180	83.2204	1.86076	78.382	BadSOCS3peaks_peak_530	ENSG00000249828	64.1225			
chr4	49141831	49142241	411	49141900	717	29.3541	1.57367	24.87	BadSOCS3peaks_peak_531	ENSG00000249828	61.69			
chr4	49149097	49149843	747	49149448	8881	379.523	1.61196	374.11	BadSOCS3peaks_peak_532	ENSG00000249828	54.256			
chr4	49153181	49153638	458	49153552	1996	105.019	1.69982	100.096	BadSOCS3peaks_peak_533	ENSG00000249828	50.3165			
chr4	49154457	49154983	527	49154913	3513	111.63	1.49893	106.682	BadSOCS3peaks_peak_534	ENSG00000249828	49.006			
chr4	49632595	49633026	432	49632700	946	49.4517	1.6876	44.7915	BadSOCS3peaks_peak_535	SNX18P25	44.0385			
chr4	49635179	49635610	432	49635270	771	22.6948	1.45866	18.3063	BadSOCS3peaks_peak_536	SNX18P25	46.6225			
chr4	49637605	49638208	604	49637748	766	33.8645	1.6068	29.3303	BadSOCS3peaks_peak_537	SNX18P25	49.1345			
chr4	49639091	49639478	388	49639151	483	7.94643	1.30138	4.02236	BadSOCS3peaks_peak_538	SNX18P25	50.5125			
chr4	49642632	49642970	339	49642689	485	6.57944	1.26448	2.7735	BadSOCS3peaks_peak_539	SNX18P25	54.029			
chr4	49650479	49650847	369	49650555	581	20.4568	1.51213	16.106	BadSOCS3peaks_peak_540	SNX18P25	61.891			
chr4	56831027	56831457	431	56831249	52	40.6068	11.0767	36.0115	BadSOCS3peaks_peak_541	SPINK2	9.5		0.79153	
chr4	82866052	82866440	389	82866231	38	27.9408	9.27592	23.475	BadSOCS3peaks_peak_542	SEC31A	0.685	1.0	-0.59685	
chr4	109302727	109303326	600	109303054	42	32.1796	10.1316	27.6622	BadSOCS3peaks_peak_543	COL25A1-DT	0.0085	1.0		
chr4	109433621	109433993	373	109433803	33	14.638	4.89132	10.4221	BadSOCS3peaks_peak_544	SEC24B-AS1	0.002	1.0		
chr4	112231772	112232579	808	112232219	223	218.921	21.9787	213.711	BadSOCS3peaks_peak_545	AP1AR	0.2865	1.0	0.2268333333333333	
chr4	139453268	139453690	423	139453508	18	9.60542	4.93035	5.57639	BadSOCS3peaks_peak_546	RAB33B	0.056	1.0	-0.137066667	
chr4	145935891	145936892	1002	145936574	138	164.705	30.823	159.61	BadSOCS3peaks_peak_547	ZNF827	0.2025	1.0	-0.24534	
chr4	146521926	146522358	433	146522034	17	8.77835	4.67086	4.79818	BadSOCS3peaks_peak_548	SLC10A7	0.178	1.0	0.12459	
chr4	153112183	153112619	437	153112406	41	31.4258	10.0625	26.9171	BadSOCS3peaks_peak_549	ENSG00000249022	28.731			
chr4	158292129	158292566	438	158292385	43	35.5977	11.4177	31.0458	BadSOCS3peaks_peak_550	AIDAP2	14.5895			
chr4	167506567	167506929	363	167506648	15	6.46127	3.76991	2.6667	BadSOCS3peaks_peak_551	RN7SL776P	105.986			
chr4	190040931	190041624	694	190041249	68	47.3484	9.93153	42.703	BadSOCS3peaks_peak_552	AGGF1P1	0.0645	1.0		
chr4	190069094	190069387	294	190069348	219	7.78848	1.48041	3.87884	BadSOCS3peaks_peak_553	DUX4L8	1.3055			
chr4	190082263	190082723	461	190082526	292	9.44543	1.46125	5.42799	BadSOCS3peaks_peak_554	DUX4L4	1.375			
chr4	190177446	190177761	316	190177701	549	10.9057	1.3458	6.81854	BadSOCS3peaks_peak_555	DUX4	2.4105			
chr4	190179314	190179748	435	190179587	3056	108.31	1.53562	103.374	BadSOCS3peaks_peak_556	DUX4	2.586			
chr4_GL000008v2_random	320	686	367	562	311	7.53497	1.37768	3.64157	BadSOCS3peaks_peak_557					
chr5	3383865	3384255	391	3384046	36	21.1076	6.82006	16.7444	BadSOCS3peaks_peak_558	LINC02162	68.756			
chr5	32313706	32314128	423	32314017	33	22.0628	7.83091	17.6842	BadSOCS3peaks_peak_559	MTMR12	0.93	1.0	-0.04085	
chr5	47311790	47312083	294	47311850	28	15.7687	6.06084	11.5217	BadSOCS3peaks_peak_560	ENSG00000250122	1421.7205			
chr5	47431041	47431331	291	47431090	140	16.2488	2.17589	11.9888	BadSOCS3peaks_peak_561	ENSG00000250122	1540.97			
chr5	47462834	47463117	284	47463023	36	6.5739	2.45718	2.76821	BadSOCS3peaks_peak_562	ENSG00000250122	1572.7595			
chr5	47550873	47551205	333	47550922	35	8.35867	2.91393	4.4071	BadSOCS3peaks_peak_563	ENSG00000250122	1660.823			
chr5	47969328	47969675	348	47969389	19	7.44503	3.75551	3.55815	BadSOCS3peaks_peak_564	ENSG00000250122	2079.2855			
chr5	47970872	47971203	332	47970925	27	5.43214	2.4838	1.78682	BadSOCS3peaks_peak_565	ENSG00000250122	2080.8215			
chr5	48019276	48019575	300	48019353	71	9.74122	2.26278	5.70657	BadSOCS3peaks_peak_566	ENSG00000250122	2129.2095			
chr5	48068345	48068639	295	48068408	54	9.6305	2.55266	5.60031	BadSOCS3peaks_peak_567	ENSG00000250122	2178.276			
chr5	48238333	48238614	282	48238515	101	16.0968	2.52037	11.8404	BadSOCS3peaks_peak_568	EMB	2173.5245		0.18674	
chr5	48312534	48312823	290	48312663	33	8.43553	3.02931	4.47793	BadSOCS3peaks_peak_569	EMB	2099.3195		0.18674	
chr5	48550691	48550986	296	48550872	84	19.9062	3.21819	15.5664	BadSOCS3peaks_peak_570	EMB	1861.1595		0.18674	
chr5	48584382	48584686	305	48584460	49	11.9012	3.09803	7.77566	BadSOCS3peaks_peak_571	EMB	1827.464		0.18674	
chr5	48860480	48860809	330	48860675	138	35.3118	3.52892	30.7632	BadSOCS3peaks_peak_572	EMB	1551.3535		0.18674	
chr5	48861677	48861977	301	48861894	149	22.5823	2.50271	18.1957	BadSOCS3peaks_peak_573	EMB	1550.171		0.18674	
chr5	48937401	48937700	300	48937614	48	10.3669	2.84542	6.30372	BadSOCS3peaks_peak_574	EMB	1474.4475		0.18674	
chr5	49366322	49366671	350	49366385	34	7.37078	2.7142	3.49094	BadSOCS3peaks_peak_575	EMB	1045.5015		0.18674	
chr5	49545258	49545607	350	49545370	121	32.5971	3.64819	28.0758	BadSOCS3peaks_peak_576	EMB	866.5655		0.18674	
chr5	49601507	49602400	894	49602102	9262	249.642	1.4515	244.383	BadSOCS3peaks_peak_577	EMB	810.0445		0.18674	
chr5	49613327	49613658	332	49613440	150	6.81731	1.55282	2.99197	BadSOCS3peaks_peak_578	EMB	798.5055		0.18674	
chr5	49615461	49615760	300	49615529	266	6.46921	1.37228	2.6734	BadSOCS3peaks_peak_579	EMB	796.3875		0.18674	
chr5	49622450	49622786	337	49622640	237	54.4505	3.32878	49.7577	BadSOCS3peaks_peak_580	EMB	789.38		0.18674	
chr5	49623804	49624164	361	49624052	54	9.84141	2.5865	5.80241	BadSOCS3peaks_peak_581	EMB	788.014		0.18674	
chr5	49642314	49642675	362	49642327	113	6.13683	1.61134	2.38739	BadSOCS3peaks_peak_582	EMB	769.5035		0.18674	
chr5	49643705	49644094	390	49643804	210	12.168	1.69047	8.03315	BadSOCS3peaks_peak_583	EMB	768.0985		0.18674	
chr5	49658356	49658822	467	49658662	5642	170.561	1.48484	165.452	BadSOCS3peaks_peak_584	EMB	753.409		0.18674	
chr5	49659436	49660294	859	49659555	3052	101.642	1.51387	96.7326	BadSOCS3peaks_peak_585	EMB	752.133		0.18674	
chr5	49661049	49661842	794	49661502	4164	53.6659	1.28368	48.9774	BadSOCS3peaks_peak_586	EMB	750.5525		0.18674	
chr5	98928386	98928737	352	98928458	15	6.02178	3.54797	2.28443	BadSOCS3peaks_peak_587	CHD1	0.1255	1.0	-0.830283333	
chr5	115841611	115842203	593	115841879	61	37.9167	8.27963	33.3434	BadSOCS3peaks_peak_588	AP3S1	0.028	1.0	0.7418800000000001	
chr5	135457396	135458077	682	135457692	138	167.591	32.0146	162.49	BadSOCS3peaks_peak_589	TIFAB	5.3855		0.2705433333333333	
chr5	150163462	150163820	359	150163681	35	22.3034	7.50071	17.9215	BadSOCS3peaks_peak_590	CDX1	3.137		0.6943966666666666	
chr5	163437332	163437944	613	163437599	53	41.7617	11.2857	37.1582	BadSOCS3peaks_peak_591	CCNG1	0.024	1.0	0.1739633333333333	
chr6	4820990	4822253	1264	4821502	228	267.776	32.9612	262.49	BadSOCS3peaks_peak_592	CDYL	14.4765		0.4363066666666667	
chr6	14380233	14380567	335	14380364	31	18.5138	6.68782	14.2016	BadSOCS3peaks_peak_593	ENSG00000237346	13.529			
chr6	27752526	27752807	282	27752725	19	9.50083	4.71239	5.47964	BadSOCS3peaks_peak_594	ENSG00000287252	4.7495			
chr6	42799985	42800734	750	42800413	148	147.77	21.4464	142.715	BadSOCS3peaks_peak_595	BICRAL	18.3075			
chr6	59494314	59494605	292	59494530	137	14.1464	2.06081	9.94439	BadSOCS3peaks_peak_596	PRIM2BP	786.9845			
chr6	59518154	59518469	316	59518293	36	5.49463	2.21823	1.84299	BadSOCS3peaks_peak_597	PRIM2BP	763.1325			
chr6	59757018	59757312	295	59757027	91	5.12433	1.6075	1.52707	BadSOCS3peaks_peak_598	PRIM2BP	524.279			
chr6	59796894	59797176	283	59796971	300	21.6448	1.8382	17.2736	BadSOCS3peaks_peak_599	PRIM2BP	484.409			
chr6	83067684	83068306	623	83067917	79	45.7228	7.84953	41.0898	BadSOCS3peaks_peak_600	DOP1A	0.324	1.0		
chr6	131807735	131808404	670	131808019	105	100.555	18.498	95.6495	BadSOCS3peaks_peak_601	ENPP1	0.0355	1.0	-0.1288	
chr6	170612125	170612735	611	170612350	112	99.4079	16.2647	94.5063	BadSOCS3peaks_peak_602	ENSG00000287411	0.192	1.0		
chr6_GL000252v2_alt	2440461	2440776	316	2440653	25	15.9561	6.7468	11.7028	BadSOCS3peaks_peak_603					
chr6_GL000253v2_alt	4404083	4404388	306	4404151	19	10.4544	5.18984	6.3854	BadSOCS3peaks_peak_604					
chr6_GL000255v2_alt	2439209	2439546	338	2439369	28	18.9359	7.52527	14.6141	BadSOCS3peaks_peak_605					
chr6_GL000256v2_alt	2484527	2484852	326	2484732	24	14.9946	6.4873	10.767	BadSOCS3peaks_peak_606					
chr7	263725	264125	401	263915	40	12.654	3.70334	8.50133	BadSOCS3peaks_peak_607	FAM20C	7.73		0.1641366666666666	
chr7	6457013	6457845	833	6457427	174	217.941	36.3462	212.733	BadSOCS3peaks_peak_608	DAGLB	9.458		-0.166856667	
chr7	33109458	33109765	308	33109660	38	14.2816	4.28086	10.0761	BadSOCS3peaks_peak_609	BBS9	0.0545	1.0	-0.778396667	
chr7	44561522	44562040	519	44561739	70	42.7547	8.28507	38.1441	BadSOCS3peaks_peak_610	DDX56	6.001		-0.044358417	
chr7	45826490	45829448	2959	45828017	633	1166.05	143.502	1160.21	BadSOCS3peaks_peak_611	CICP20	8.953			
chr7	58306471	58306767	297	58306637	85	21.0099	3.3241	16.6481	BadSOCS3peaks_peak_612	ENSG00000271696	470.368			
chr7	58519991	58520277	287	58520065	24	9.11497	3.90206	5.11502	BadSOCS3peaks_peak_613	ENSG00000271696	683.883			
chr7	58583565	58583858	294	58583643	57	10.972	2.6919	6.88215	BadSOCS3peaks_peak_614	ENSG00000271696	747.4605			
chr7	58797748	58798046	299	58797854	381	50.0477	2.38806	45.3837	BadSOCS3peaks_peak_615	ENSG00000271696	961.646			
chr7	60336657	60336971	315	60336714	17	6.95094	3.76232	3.10868	BadSOCS3peaks_peak_616	ENSG00000233918	1938.864			
chr7	60383203	60383511	309	60383310	31	11.2692	3.98558	7.16796	BadSOCS3peaks_peak_617	ENSG00000233918	1892.321			
chr7	60589020	60589346	327	60589308	18	5.77189	3.13218	2.07001	BadSOCS3peaks_peak_618	ENSG00000233918	1686.495			
chr7	69596709	69598917	2209	69597461	267	321.119	35.7894	315.768	BadSOCS3peaks_peak_619	CT66	0.32	1.0		
chr7	73742579	73743081	503	73742910	58	33.1741	7.34841	28.6471	BadSOCS3peaks_peak_620	ABHD11	3.978		-0.202216667	
chr7	74988344	74988662	319	74988542	28	14.7598	5.63051	10.5407	BadSOCS3peaks_peak_621	CASTOR2	19.385			
chr7	75776794	75777100	307	75776992	25	14.9849	6.27504	10.7591	BadSOCS3peaks_peak_622	CCL26	4.736		-0.38305	
chr7	76360643	76361003	361	76360828	36	21.4316	6.9477	17.0636	BadSOCS3peaks_peak_623	PPIAP81	0.945	1.0		
chr7	100049372	100050078	707	100049734	111	119.183	23.4074	114.212	BadSOCS3peaks_peak_624	ZSCAN21	0.049	1.0	-0.34726	
chr7	100450963	100451349	387	100451129	38	27.0769	8.8888	22.6237	BadSOCS3peaks_peak_625	SPACDR	12.717			
chr7	105580278	105580660	383	105580421	21	11.15	5.18363	7.05324	BadSOCS3peaks_peak_626	EFCAB10	1.017			
chr7	140935532	140936208	677	140935891	126	156.872	32.9555	151.796	BadSOCS3peaks_peak_627	ENSG00000271611	1.003			
chr7	142799283	142799753	471	142799554	24	14.9946	6.4873	10.767	BadSOCS3peaks_peak_628	ENSG00000290099	1.341			
chr7	148707681	148709381	1701	148708450	1089	2283.64	256.825	2277.51	BadSOCS3peaks_peak_629	CUL1	8.524		0.5933366666666666	
chr7	148966081	148966367	287	148966195	21	11.15	5.18363	7.05324	BadSOCS3peaks_peak_630	RNY4	2.909			
chr7	149529202	149529484	283	149529400	19	9.50083	4.71239	5.47964	BadSOCS3peaks_peak_631	ZNF746	31.526		0.065103333	
chr7	150896895	150897353	459	150897044	25	11.8719	4.88217	7.74764	BadSOCS3peaks_peak_632	ENSG00000289052	19.986			
chr7	155815164	155815578	415	155815364	43	24.4677	6.86762	20.0508	BadSOCS3peaks_peak_633	SHH	2.908		-0.472956667	
chr7	156949987	156950385	399	156950192	18	9.60542	4.93035	5.57639	BadSOCS3peaks_peak_634	NOM1	0.474	1.0	-0.342606667	
chr7_KI270899v1_alt	11039	11850	812	11718	26	5.40021	2.51575	1.76048	BadSOCS3peaks_peak_635					
chr8	231570	232395	826	231983	432	553.266	44.8658	547.715	BadSOCS3peaks_peak_636	ZNF596	0.1545	1.0	-0.331946667	
chr8	12193559	12194016	458	12193788	25	15.4321	6.49016	11.1934	BadSOCS3peaks_peak_637	FAM86B1	0.1055	1.0		
chr8	12435802	12436318	517	12436065	89	57.5497	9.32545	52.8391	BadSOCS3peaks_peak_638	FAM86B2	0.283	1.0		
chr8	17506982	17507450	469	17507192	56	37.1355	8.89669	32.5686	BadSOCS3peaks_peak_639	ENSG00000279932	3.397			
chr8	27636939	27638067	1129	27637507	310	403.584	44.7639	398.148	BadSOCS3peaks_peak_640	SCARA3	3.601		-0.006626667	
chr8	29347604	29348342	739	29347984	121	127.165	22.8738	122.17	BadSOCS3peaks_peak_641	DUSP4	0.832	1.0	0.0204899999999999	
chr8	30743934	30744685	752	30744352	177	211.73	32.81	206.535	BadSOCS3peaks_peak_642	UBXN8	0.1195	1.0	-0.460106667	
chr8	38268890	38269505	616	38269164	105	90.5375	15.2571	85.6694	BadSOCS3peaks_peak_643	PLPP5	0.0015	1.0		
chr8	42391371	42391933	563	42391654	205	217.326	25.6572	212.12	BadSOCS3peaks_peak_644	VDAC3	0.028	1.0	0.7016866666666666	
chr8	44635443	44635794	352	44635586	31	7.25179	2.81287	3.38236	BadSOCS3peaks_peak_645	ENSG00000253198	961.0275			
chr8	44827321	44827610	290	44827519	20	5.90897	3.02775	2.18618	BadSOCS3peaks_peak_646	ENSG00000253198	1152.8745			
chr8	61810180	61810498	319	61810356	25	15.9561	6.7468	11.7028	BadSOCS3peaks_peak_647	ENSG00000253834	14.913			
chr8	81490128	81490467	340	81490342	25	14.6055	6.09546	10.3905	BadSOCS3peaks_peak_648	FABP4	7.0615		0.090733333	
chr8	81732218	81732641	424	81732435	39	17.0074	4.98198	12.7279	BadSOCS3peaks_peak_649	CHMP4C	0.0185	1.0	0.1113856666666666	
chr8	85735430	85735841	412	85735578	201	4.81012	1.35435	1.30676	BadSOCS3peaks_peak_650	REXO1L11P	2.2165			
chr8	93741239	93741641	403	93741460	46	33.7043	9.76156	29.1714	BadSOCS3peaks_peak_651	RBM12B-DT	0.247	1.0		
chr8	99013345	99013691	347	99013556	28	14.0675	5.34545	9.86731	BadSOCS3peaks_peak_652	VPS13B	0.207	1.0	-0.570393333	
chr8	112153863	112154212	350	112153989	16	7.97433	4.41137	4.04496	BadSOCS3peaks_peak_653	RNU4-37P	5.2125			
chr8	140349012	140349767	756	140349465	111	96.9358	15.7665	92.043	BadSOCS3peaks_peak_654	TRAPPC9	46.5545		0.098183667	
chr8	142452346	142453183	838	142452872	160	153.222	19.9628	148.154	BadSOCS3peaks_peak_655	ADGRB1	3.0855			
chr8	144900813	144901350	538	144901094	64	41.8297	8.95776	37.2256	BadSOCS3peaks_peak_656	ZNF250	0.3415	1.0	0.1857733333333333	
chr9	26870503	26871142	640	26870870	103	107.524	21.7354	102.59	BadSOCS3peaks_peak_657	H3P31	9.7265			
chr9	35535244	35535574	331	35535366	31	15.4746	5.45499	11.2345	BadSOCS3peaks_peak_658	RUSC2	3.223		-0.183816667	
chr9	37468289	37468609	321	37468458	30	19.0204	7.11494	14.6969	BadSOCS3peaks_peak_659	ZBTB5	2.999		0.2816033333333333	
chr9	43620953	43621346	394	43621210	70	6.4455	1.87996	2.65451	BadSOCS3peaks_peak_660	ENSG00000286916	376.1625			
chr9	43623711	43624055	345	43623961	54	8.8619	2.43067	4.87665	BadSOCS3peaks_peak_661	ENSG00000286916	378.896			
chr9	43650721	43651016	296	43650842	63	21.4311	4.213	17.0634	BadSOCS3peaks_peak_662	ENSG00000286916	405.8815			
chr9	43652228	43652528	301	43652364	88	19.31	3.05676	14.9817	BadSOCS3peaks_peak_663	ENSG00000286916	407.391			
chr9	43813361	43813653	293	43813542	56	6.73446	2.0732	2.91606	BadSOCS3peaks_peak_664	ENSG00000286916	568.52			
chr9	44239328	44239653	326	44239346	32	6.8758	2.6711	3.04259	BadSOCS3peaks_peak_665	ENSG00000286916	994.5035			
chr9	44718934	44719240	307	44719082	36	10.6741	3.44751	6.59637	BadSOCS3peaks_peak_666	ENSG00000286916	1474.1			
chr9	60528206	60528542	337	60528211	40	4.85504	2.00344	1.33743	BadSOCS3peaks_peak_667	ENSG00000277598	18.78			
chr9	65385150	65385577	428	65385441	146	7.12303	1.58206	3.26821	BadSOCS3peaks_peak_668	ENSG00000287329	0.2855	1.0		
chr9	71911341	71911678	338	71911494	35	26.3805	9.34172	21.9363	BadSOCS3peaks_peak_669	C9orf85	0.0005	1.0	-0.485063333	
chr9	71912324	71912715	392	71912512	24	12.3154	5.22486	8.17361	BadSOCS3peaks_peak_670	C9orf85	0.7175	1.0	-0.485063333	
chr9	95005100	95005481	382	95005287	17	6.95006	3.7619	3.1079	BadSOCS3peaks_peak_671	AOPEP	0.1935	1.0		
chr9	101449152	101449644	493	101449505	20	10.3155	4.94801	6.25533	BadSOCS3peaks_peak_672	ALDOB	0.266	1.0	-0.442773333	
chr9	105244616	105245045	430	105244807	27	13.4839	5.25772	9.30308	BadSOCS3peaks_peak_673	SLC44A1	0.0265	1.0	0.32027	
chr9	123365927	123366484	558	123366184	122	107.987	16.4257	103.052	BadSOCS3peaks_peak_674	CRB2	2.5735		0.1206466666666666	
chr9	128323202	128324067	866	128323721	170	211.309	35.5155	206.114	BadSOCS3peaks_peak_675	COQ4	0.7825	1.0	-0.21953	
chr9	129513890	129514618	729	129514286	156	138.85	17.2332	133.821	BadSOCS3peaks_peak_676	LINC00963	6.512			
chr9	134268398	134268820	423	134268536	29	15.0174	5.57684	10.7892	BadSOCS3peaks_peak_677	LINC02247	26.788			
chr9	136483253	136483603	351	136483426	32	19.0044	6.70511	14.6813	BadSOCS3peaks_peak_678	C9orf163	0.067	1.0	0.3729733333333333	
chr9	136720736	136721077	342	136720934	29	10.2867	3.84339	6.22808	BadSOCS3peaks_peak_679	DIPK1B	0.0215	1.0		
chrUn_GL000214v1	123496	123827	332	123537	169	4.99616	1.40458	1.43583	BadSOCS3peaks_peak_680					
chrUn_GL000214v1	125899	126199	301	125925	242	7.88141	1.45517	3.96372	BadSOCS3peaks_peak_681					
chrUn_GL000214v1	127538	127966	429	127879	237	9.89915	1.54531	5.8571	BadSOCS3peaks_peak_682					
chrUn_GL000214v1	129143	129682	540	129538	564	6.82831	1.24869	3.00252	BadSOCS3peaks_peak_683					
chrUn_GL000216v2	709	1100	392	786	901	32.4821	1.52931	27.9615	BadSOCS3peaks_peak_684					
chrUn_GL000216v2	5795	6208	414	5888	1150	59.203	1.68302	54.4833	BadSOCS3peaks_peak_685					
chrUn_GL000216v2	14452	14923	472	14827	350	13.2769	1.52442	9.10309	BadSOCS3peaks_peak_686					
chrUn_GL000216v2	160652	160977	326	160791	739	42.3697	1.73058	37.7617	BadSOCS3peaks_peak_687					
chrUn_GL000216v2	163046	163698	653	163182	441	24.3009	1.69654	19.8867	BadSOCS3peaks_peak_688					
chrUn_GL000218v1	53753	54058	306	53856	35	6.26794	2.4184	2.5063	BadSOCS3peaks_peak_689					
chrUn_GL000220v1	109321	109658	338	109476	424	10.3045	1.38912	6.24503	BadSOCS3peaks_peak_690					
chrUn_GL000220v1	119828	120114	287	119897	959	26.6429	1.44486	22.1948	BadSOCS3peaks_peak_691					
chrUn_GL000220v1	138106	138390	285	138285	670	22.3996	1.49727	18.016	BadSOCS3peaks_peak_692					
chrUn_GL000220v1	143717	144026	310	143852	473	10.1142	1.35948	6.06153	BadSOCS3peaks_peak_693					
chrUn_GL000224v1	3611	4682	1072	4534	716	13.9899	1.34786	9.79372	BadSOCS3peaks_peak_694					
chrUn_GL000224v1	18705	19114	410	18734	509	7.39353	1.27837	3.51173	BadSOCS3peaks_peak_695					
chrUn_GL000226v1	1678	2065	388	1950	187	11.2934	1.7057	7.19142	BadSOCS3peaks_peak_696					
chrUn_GL000226v1	5171	5462	292	5239	372	15.8367	1.57198	11.5873	BadSOCS3peaks_peak_697					
chrUn_GL000226v1	6581	6871	291	6794	370	24.2799	1.78758	19.8666	BadSOCS3peaks_peak_698					
chrUn_KI270303v1	1244	1626	383	1380	1062	113.451	2.19213	108.498	BadSOCS3peaks_peak_699					
chrUn_KI270304v1	788	1404	617	1065	749	43.2141	1.73423	38.5995	BadSOCS3peaks_peak_700					
chrUn_KI270310v1	704	987	284	877	1496	78.9863	1.69874	74.1658	BadSOCS3peaks_peak_701					
chrUn_KI270312v1	253	554	302	421	16	6.46053	3.64634	2.6667	BadSOCS3peaks_peak_702					
chrUn_KI270322v1	8463	8763	301	8633	126	17.6246	2.3762	13.3317	BadSOCS3peaks_peak_703					
chrUn_KI270393v1	687	1035	349	937	17	6.12581	3.37996	2.37704	BadSOCS3peaks_peak_704					
chrUn_KI270435v1	23080	23480	401	23460	15	6.46127	3.76991	2.6667	BadSOCS3peaks_peak_705					
chrUn_KI270435v1	92069	92783	715	92135	464	4.91093	1.22187	1.38306	BadSOCS3peaks_peak_706					
chrUn_KI270438v1	12697	13052	356	12710	37	5.88632	2.27818	2.16703	BadSOCS3peaks_peak_707					
chrUn_KI270438v1	46674	47069	396	46706	209	6.74302	1.44465	2.92419	BadSOCS3peaks_peak_708					
chrUn_KI270438v1	101475	101934	460	101566	545	16.4213	1.45848	12.1571	BadSOCS3peaks_peak_709					
chrUn_KI270438v1	103983	104338	356	104095	3487	183.283	1.70309	178.145	BadSOCS3peaks_peak_710					
chrUn_KI270438v1	104670	105043	374	104893	3813	198.262	1.69818	193.094	BadSOCS3peaks_peak_711					
chrUn_KI270438v1	109228	110635	1408	109431	5276	200.662	1.56411	195.489	BadSOCS3peaks_peak_712					
chrUn_KI270438v1	111369	111718	350	111525	3272	118.275	1.54311	113.306	BadSOCS3peaks_peak_713					
chrUn_KI270438v1	112095	112407	313	112167	3130	107.411	1.52435	102.478	BadSOCS3peaks_peak_714					
chrUn_KI270442v1	92128	92743	616	92401	1689	99.2608	1.75613	94.3603	BadSOCS3peaks_peak_715					
chrUn_KI270538v1	53683	54030	348	53938	186	14.4567	1.86094	10.2454	BadSOCS3peaks_peak_716					
chrUn_KI270538v1	80907	81417	511	81276	217	13.6838	1.73902	9.49716	BadSOCS3peaks_peak_717					
chrUn_KI270538v1	88499	88994	496	88840	223	13.0444	1.69895	8.87912	BadSOCS3peaks_peak_718					
chrUn_KI270744v1	116468	116942	475	116823	416	20.7211	1.64496	16.3652	BadSOCS3peaks_peak_719					
chrUn_KI270744v1	118022	118455	434	118038	240	5.12729	1.33443	1.52962	BadSOCS3peaks_peak_720					
chrUn_KI270744v1	119769	120214	446	119912	442	17.5355	1.54926	13.2447	BadSOCS3peaks_peak_721					
chrUn_KI270754v1	15732	16041	310	15965	168	7.15205	1.53331	3.29526	BadSOCS3peaks_peak_722					
chrUn_KI270754v1	20861	21239	379	21113	201	13.321	1.76351	9.14613	BadSOCS3peaks_peak_723					
chrUn_KI270754v1	39259	39788	530	39666	281	21.3725	1.87039	17.006	BadSOCS3peaks_peak_724					
chrX	2928355	2928650	296	2928524	25	14.6707	6.12611	10.4532	BadSOCS3peaks_peak_725	ARSD	0.7725	1.0	-0.57331	
chrX	16786367	16786709	343	16786529	33	24.1889	8.82273	19.7769	BadSOCS3peaks_peak_726	TXLNG	0.072	1.0	0.8983266666666665	
chrX	61500432	61500714	283	61500569	34	10.1606	3.43417	6.10617	BadSOCS3peaks_peak_727	SSBL2P	1278.677			
chrX	69195123	69195780	658	69195499	64	62.5351	16.867	57.7956	BadSOCS3peaks_peak_728	LINC00269	0.1065	1.0		
chrX	70325231	70325825	595	70325526	91	101.423	23.8733	96.5146	BadSOCS3peaks_peak_729	PDZD11	35.014		0.1775066666666666	
chrX	119574416	119574893	478	119574636	52	37.7633	9.95211	33.1912	BadSOCS3peaks_peak_730	UBE2A	0.0765	1.0	0.9483833333333332	
chrX	134901121	134901738	618	134901417	103	119.878	26.9872	114.905	BadSOCS3peaks_peak_731	MOSPD1	1.8955		-0.855743333	
chrX	135432448	135436238	3791	135433758	564	1055.24	146.613	1049.44	BadSOCS3peaks_peak_732	CROCCP1	1.383			
chrX	152830624	152831057	434	152830855	35	26.3805	9.34172	21.9363	BadSOCS3peaks_peak_733	CETN2	0.0835	1.0	-0.107066667	
chrX	155071608	155072643	1036	155072159	340	563.183	88.4868	557.627	BadSOCS3peaks_peak_734	BRCC3	0.5935	1.0	-0.49262	
chrX_KI270880v1_alt	210712	210993	282	210924	21	7.15935	3.43381	3.30081	BadSOCS3peaks_peak_735					
chrY	10648039	10648441	403	10648063	94	9.76951	2.02306	5.73386	BadSOCS3peaks_peak_736	ENSG00000273858	394.703			
chrY	10682474	10682796	323	10682582	84	6.78232	1.81011	2.95947	BadSOCS3peaks_peak_737	ENSG00000273858	360.308			
chrY	10759795	10760432	638	10759969	128	10.9013	1.8958	6.81416	BadSOCS3peaks_peak_738	ENSG00000273858	282.8295			
chrY	10770415	10770726	312	10770532	119	11.6889	2.00217	7.57059	BadSOCS3peaks_peak_739	ENSG00000273858	272.3725			
chrY	10797720	10798032	313	10797725	114	5.0592	1.52086	1.47418	BadSOCS3peaks_peak_740	ENSG00000273858	245.067			
chrY	10921109	10921536	428	10921453	136	8.17278	1.67969	4.23124	BadSOCS3peaks_peak_741	ENSG00000273858	121.6205			
chrY	10982516	10982916	401	10982614	109	6.50409	1.65605	2.70475	BadSOCS3peaks_peak_742	ENSG00000273858	60.227			
chrY	11008776	11009143	368	11009039	53	8.45176	2.38647	4.49262	BadSOCS3peaks_peak_743	ENSG00000273858	33.9835			
chrY	11292662	11293067	406	11293056	309	6.13191	1.32765	2.38266	BadSOCS3peaks_peak_744	DUX4L16	14.0535			
chrY	11297469	11298024	556	11297683	811	29.6556	1.53267	25.1682	BadSOCS3peaks_peak_745	DUX4L16	9.1715			
chrY	11299896	11300386	491	11300069	501	19.101	1.53755	14.7762	BadSOCS3peaks_peak_746	DUX4L16	6.777			
chrY	11302041	11302434	394	11302340	664	22.4003	1.50017	18.0167	BadSOCS3peaks_peak_747	DUX4L16	4.6805			
chrY	11312317	11312690	374	11312570	936	50.6003	1.70426	45.9315	BadSOCS3peaks_peak_748	DUX4L17	2.4175			
chrY	11333858	11334251	394	11333990	818	28.9534	1.52105	24.4744	BadSOCS3peaks_peak_749	PABPC1P5	1.5725			
chrY	26640343	26640642	300	26640542	74	14.8773	2.83958	10.6549	BadSOCS3peaks_peak_750	PARP4P1	5.8405			
