chr	start	end	length	abs_summit	pileup	-log10(pvalue)	fold_enrichment	-log10(qvalue)	name	closest feature	distance	within bflag	epsilon	go=peroxisome organization
chr1	68162986	68163302	317	68163085	21	7.4069	3.53224	3.36232	GoodSOCS3peaks_peak_1	CTBP2P8	0.054	1.0		
chr1	119648150	119648478	329	119648319	20	6.77724	3.37169	2.80952	GoodSOCS3peaks_peak_2	ZNF697	0.048	1.0	0.1755	
chr1	121775126	121775591	466	121775427	261	20.6407	1.89382	15.8443	GoodSOCS3peaks_peak_3	LINC01691	194.8345			
chr1	122420317	122420638	322	122420453	29	10.3968	3.87969	6.07486	GoodSOCS3peaks_peak_4	LINC01691	839.9535			
chr1	122524599	122524989	391	122524710	341	24.6077	1.84394	19.7063	GoodSOCS3peaks_peak_5	LINC01691	944.27			
chr1	122527131	122527490	360	122527282	234	46.8936	3.02246	41.614	GoodSOCS3peaks_peak_6	LINC01691	946.7865			
chr1	122582853	122583171	319	122582970	44	15.1645	4.05447	10.5652	GoodSOCS3peaks_peak_7	LINC01691	1002.488			
chr1	122603035	122603351	317	122603045	58	6.51654	2.01525	2.58411	GoodSOCS3peaks_peak_8	LINC01691	1022.669			
chr1	122652811	122653144	334	122653029	55	7.61024	2.21894	3.54184	GoodSOCS3peaks_peak_9	LINC01691	1072.4535			
chr1	122800757	122801069	313	122800893	43	9.78532	2.90652	5.51028	GoodSOCS3peaks_peak_10	LINC01691	1220.389			
chr1	122806106	122806448	343	122806179	109	33.3703	4.03566	28.276	GoodSOCS3peaks_peak_11	LINC01691	1225.753			
chr1	122890033	122890402	370	122890126	103	17.2436	2.59683	12.5612	GoodSOCS3peaks_peak_12	LINC01691	1309.6935			
chr1	122998450	122998857	408	122998762	61	15.8841	3.3505	11.2536	GoodSOCS3peaks_peak_13	LINC01691	1418.1295			
chr1	123156309	123156631	323	123156423	41	8.23412	2.65627	4.09752	GoodSOCS3peaks_peak_14	LINC01691	1575.946			
chr1	123185795	123186135	341	123185893	36	8.78642	2.97299	4.59816	GoodSOCS3peaks_peak_15	LINC01691	1605.441			
chr1	123311404	123311727	324	123311536	103	24.2541	3.25307	19.3616	GoodSOCS3peaks_peak_16	LINC01691	1731.0415			
chr1	123486279	123486632	354	123486569	22	10.9054	4.90585	6.54764	GoodSOCS3peaks_peak_17	LINC01691	1905.9315			
chr1	123506574	123506883	310	123506783	44	9.00092	2.71404	4.79237	GoodSOCS3peaks_peak_18	LINC01691	1926.2045			
chr1	123525783	123526101	319	123525874	45	8.45892	2.57972	4.30456	GoodSOCS3peaks_peak_19	LINC01691	1945.418			
chr1	123665187	123665496	310	123665251	47	5.84461	2.06741	2.01257	GoodSOCS3peaks_peak_20	LINC01691	2084.8175			
chr1	123705821	123706162	342	123705858	27	7.44692	3.08401	3.3985	GoodSOCS3peaks_peak_21	LINC01691	2125.4675			
chr1	123926161	123926599	439	123926389	75	10.3606	2.28116	6.0418	GoodSOCS3peaks_peak_22	LINC01691	2345.856			
chr1	124055730	124056071	342	124055949	236	39.0032	2.67726	33.8144	GoodSOCS3peaks_peak_23	LINC01691	2475.3765			
chr1	124156115	124156512	398	124156196	61	12.5772	2.83481	8.11111	GoodSOCS3peaks_peak_24	LINC01691	2575.7895			
chr1	124380262	124380579	318	124380452	40	8.68266	2.78549	4.50344	GoodSOCS3peaks_peak_25	LINC01691	2799.8965			
chr1	124407455	124407797	343	124407545	28	6.03362	2.61288	2.16774	GoodSOCS3peaks_peak_26	LINC01691	2827.102			
chr1	124560393	124560731	339	124560449	61	5.92634	1.89933	2.07695	GoodSOCS3peaks_peak_27	LINC01691	2980.038			
chr1	124579342	124579659	318	124579557	23	8.92324	3.93259	4.72131	GoodSOCS3peaks_peak_28	LINC01691	2998.9765			
chr1	124648560	124648895	336	124648799	50	11.42	2.97235	7.02878	GoodSOCS3peaks_peak_29	LINC01691	3068.2035			
chr1	124664971	124665311	341	124665074	51	9.07895	2.53356	4.86412	GoodSOCS3peaks_peak_30	LINC01691	3084.617			
chr1	124722165	124722485	321	124722388	92	15.9544	2.63187	11.3208	GoodSOCS3peaks_peak_31	LINC01691	3141.801			
chr1	124727285	124727637	353	124727513	188	31.1715	2.66127	26.1215	GoodSOCS3peaks_peak_32	LINC01691	3146.937			
chr1	124750519	124751171	653	124750656	96	8.11667	1.85939	3.99563	GoodSOCS3peaks_peak_33	LINC01691	3170.321			
chr1	124913875	124914198	324	124914108	70	11.8768	2.54204	7.45434	GoodSOCS3peaks_peak_34	LINC01691	3333.5125			
chr1	125179714	125180568	855	125180303	8750	36.1301	1.14798	30.9863	GoodSOCS3peaks_peak_35	LINC01691	3599.617			
chr1	125182233	125182628	396	125182502	5641	137.027	1.42121	131.054	GoodSOCS3peaks_peak_36	LINC01691	3601.9065			
chr1	143184890	143185317	428	143185211	1558	59.8087	1.55987	54.3897	GoodSOCS3peaks_peak_37	ENSG00000276118	158.0765			
chr1	143186994	143187322	329	143187234	232	16.0425	1.79795	11.4052	GoodSOCS3peaks_peak_38	ENSG00000276118	156.022			
chr1	143192822	143193206	385	143193124	1174	15.3335	1.27531	10.7267	GoodSOCS3peaks_peak_39	ENSG00000276118	150.166			
chr1	143194952	143195264	313	143195078	1075	77.8712	1.87696	72.276	GoodSOCS3peaks_peak_40	ENSG00000276118	148.072			
chr1	143214360	143214804	445	143214702	4379	117.858	1.44877	111.983	GoodSOCS3peaks_peak_41	ENSG00000276118	128.598			
chr1	143217254	143217775	522	143217527	2637	63.6421	1.41582	58.1783	GoodSOCS3peaks_peak_42	ENSG00000276118	125.6655			
chr1	143222196	143222752	557	143222227	483	10.8507	1.37235	6.49766	GoodSOCS3peaks_peak_43	ENSG00000276118	120.706			
chr1	143232897	143233244	348	143233062	5013	336.217	1.84046	329.728	GoodSOCS3peaks_peak_44	ENSG00000276118	110.1095			
chr1	143247056	143247388	333	143247264	613	35.0952	1.72566	29.9681	GoodSOCS3peaks_peak_45	ENSG00000276118	95.958			
chr1	143251711	143252097	387	143251981	676	20.7383	1.46907	15.9392	GoodSOCS3peaks_peak_46	ENSG00000276118	91.276			
chr1	143254549	143254929	381	143254851	2126	82.1433	1.56517	76.5127	GoodSOCS3peaks_peak_47	ENSG00000276118	88.441			
chr1	143255550	143256011	462	143255625	915	14.7809	1.31139	10.2005	GoodSOCS3peaks_peak_48	ENSG00000276118	87.3995			
chr1	143262118	143262913	796	143262762	2478	93.8191	1.55857	88.0999	GoodSOCS3peaks_peak_49	ENSG00000276118	80.6645			
chr10	38919830	38920175	346	38919867	433	9.21268	1.35573	4.98463	GoodSOCS3peaks_peak_50	ENSG00000233832	136.9985			
chr10	39954577	39954909	333	39954748	38	22.0442	6.82678	17.2062	GoodSOCS3peaks_peak_51	ENSG00000233832	1171.739			
chr10	40289591	40289931	341	40289709	64	10.49	2.471	6.16283	GoodSOCS3peaks_peak_52	ENSG00000233832	1506.757			
chr10	40412721	40413082	362	40413048	124	10.6474	1.89879	6.30809	GoodSOCS3peaks_peak_53	ENSG00000233832	1629.8975			
chr10	40507786	40508129	344	40507807	83	7.0937	1.8488	3.08806	GoodSOCS3peaks_peak_54	KSR1P1	1641.5915			
chr10	40556452	40556848	397	40556748	510	33.8459	1.80505	28.7412	GoodSOCS3peaks_peak_55	KSR1P1	1592.899			
chr10	40771294	40771616	323	40771499	106	12.1814	2.13369	7.74003	GoodSOCS3peaks_peak_56	KSR1P1	1378.094			
chr10	41125389	41125704	316	41125488	66	6.87475	1.97119	2.89503	GoodSOCS3peaks_peak_57	KSR1P1	1024.0025			
chr10	41883129	41883530	402	41883451	1301	34.465	1.43518	29.3484	GoodSOCS3peaks_peak_58	KSR1P1	266.2195			
chr10	41892041	41892468	428	41892104	702	10.5052	1.29152	6.17693	GoodSOCS3peaks_peak_59	KSR1P1	257.2945			
chr10	41898893	41899328	436	41898935	985	16.1254	1.31526	11.4844	GoodSOCS3peaks_peak_60	KSR1P1	250.4385			
chr10	42099806	42100115	310	42100018	64	9.42156	2.32722	5.17627	GoodSOCS3peaks_peak_61	KSR1P1	49.5885			
chr10	78047139	78047885	747	78047523	73	43.834	8.1506	38.5906	GoodSOCS3peaks_peak_62	RPS24	8.956			
chr10	86254489	86254944	456	86254688	35	21.4582	7.14814	16.6372	GoodSOCS3peaks_peak_63	MIR346	10.0715			
chr10	133681077	133681468	392	133681299	263	14.178	1.66517	9.62592	GoodSOCS3peaks_peak_64	DUX4L21	0.9035	1.0		
chr10	133688222	133688806	585	133688354	2737	66.1069	1.41627	60.6169	GoodSOCS3peaks_peak_65	DUX4L20	4.846			
chr10	133689286	133689959	674	133689413	2439	59.3826	1.41764	53.9686	GoodSOCS3peaks_peak_66	DUX4L20	5.9545			
chr10	133744036	133744377	342	133744290	233	5.54446	1.36041	1.76664	GoodSOCS3peaks_peak_67	DUX4L10	0.8745	1.0		
chr11	72135384	72136124	741	72135674	62	46.3768	10.8432	41.1028	GoodSOCS3peaks_peak_68	FOLR3	0.029	1.0	-0.21715	
chr11	72171817	72172525	709	72172163	93	77.7941	14.1426	72.2001	GoodSOCS3peaks_peak_69	ENSG00000255860	0.284	1.0		
chr12	35135869	35136217	349	35135916	29	7.13289	2.87753	3.12003	GoodSOCS3peaks_peak_70	AK6P1	886.562			
chr12	35459594	35459917	324	35459821	34	11.6558	3.85501	7.24823	GoodSOCS3peaks_peak_71	AK6P1	1210.2745			
chr12	35825550	35825924	375	35825573	21	6.33835	3.11645	2.42948	GoodSOCS3peaks_peak_72	AK6P1	1576.256			
chr12	37099247	37099600	354	37099365	20	7.51287	3.67596	3.45817	GoodSOCS3peaks_peak_73	ZNF970P	476.1635			
chr12	121624537	121625029	493	121624765	60	44.9046	10.7704	39.6485	GoodSOCS3peaks_peak_74	ORAI1	1.726		0.3044699999999999	
chr13	16250354	16250690	337	16250608	61	6.85091	2.0246	2.8763	GoodSOCS3peaks_peak_75	ENSG00000279924	1927.943			
chr13	16251065	16251682	618	16251323	106	5.66546	1.59751	1.86551	GoodSOCS3peaks_peak_76	ENSG00000279924	1927.0915			
chr13	16255470	16255808	339	16255621	70	6.61838	1.90064	2.66865	GoodSOCS3peaks_peak_77	ENSG00000279924	1922.826			
chr13	16360080	16360460	381	16360178	39	12.0049	3.60398	7.57363	GoodSOCS3peaks_peak_78	ENSG00000279924	1818.195			
chr13	16509850	16510217	368	16510087	22	6.92378	3.25811	2.9352	GoodSOCS3peaks_peak_79	ENSG00000279924	1668.4315			
chr13	16539827	16540141	315	16539948	53	15.2538	3.56709	10.6503	GoodSOCS3peaks_peak_80	ENSG00000279924	1638.481			
chr13	16567382	16567978	597	16567746	29	9.43549	3.56895	5.18918	GoodSOCS3peaks_peak_81	ENSG00000279924	1610.785			
chr13	16652419	16652861	443	16652755	30	11.0637	4.00902	6.69612	GoodSOCS3peaks_peak_82	ENSG00000279924	1525.825			
chr13	16861400	16861801	402	16861742	37	10.8132	3.42378	6.4626	GoodSOCS3peaks_peak_83	ENSG00000279924	1316.8645			
chr13	16946952	16947287	336	16947021	30	7.0064	2.79308	3.00929	GoodSOCS3peaks_peak_84	ENSG00000279924	1231.3455			
chr13	17027194	17027546	353	17027489	28	8.40901	3.31886	4.25828	GoodSOCS3peaks_peak_85	ENSG00000279924	1151.095			
chr13	17054493	17054814	322	17054506	51	7.29538	2.23969	3.26015	GoodSOCS3peaks_peak_86	ENSG00000279924	1123.8115			
chr13	17130039	17130349	311	17130104	36	6.0487	2.34005	2.18102	GoodSOCS3peaks_peak_87	ENSG00000279924	1048.271			
chr13	17266840	17267153	314	17266953	48	13.9724	3.55281	9.43051	GoodSOCS3peaks_peak_88	ENSG00000279924	911.4685			
chr13	17311300	17311609	310	17311483	51	15.7823	3.77033	11.1565	GoodSOCS3peaks_peak_89	ENSG00000279924	867.0105			
chr13	17339795	17340207	413	17340097	32	10.3878	3.63473	6.0676	GoodSOCS3peaks_peak_90	ENSG00000279924	838.464			
chr13	17359788	17360199	412	17360124	80	11.8806	2.38308	7.45738	GoodSOCS3peaks_peak_91	ENSG00000279924	818.4715			
chr13	17401852	17402434	583	17401983	77	11.7322	2.40964	7.31891	GoodSOCS3peaks_peak_92	ENSG00000279924	776.322			
chr13	17538074	17538751	678	17538410	29	8.58197	3.3043	4.41205	GoodSOCS3peaks_peak_93	ENSG00000279924	640.0525			
chr13	17605871	17606186	316	17605886	27	5.45188	2.48943	1.69088	GoodSOCS3peaks_peak_94	ENSG00000279924	572.4365			
chr13	17861699	17862147	449	17861807	66	11.4895	2.56744	7.09441	GoodSOCS3peaks_peak_95	ENSG00000279924	316.542			
chr13	17931117	17931430	314	17931200	30	7.71294	2.98963	3.63281	GoodSOCS3peaks_peak_96	ENSG00000279924	247.1915			
chr13	18174051	18174445	395	18174227	26	5.11759	2.43268	1.41633	GoodSOCS3peaks_peak_97	ENSG00000279924	4.217			
chr13	18211865	18212201	337	18212082	2119	59.7383	1.45816	54.3202	GoodSOCS3peaks_peak_98	FAM230C	0.074	1.0		
chr13	27997883	27998300	418	27998094	41	24.8196	7.33443	19.9126	GoodSOCS3peaks_peak_99	RN7SL272P	8.5075			
chr14	16126706	16127066	361	16126790	21	8.18694	3.851	4.05779	GoodSOCS3peaks_peak_100	5_8S_rRNA	69.414			
chr14	16370791	16371439	649	16371029	86	14.8417	2.61133	10.2572	GoodSOCS3peaks_peak_101	5_8S_rRNA	313.643			
chr14	16451333	16451733	401	16451689	26	9.43827	3.82473	5.19132	GoodSOCS3peaks_peak_102	5_8S_rRNA	394.061			
chr14	16662097	16662419	323	16662172	43	9.17945	2.78276	4.9555	GoodSOCS3peaks_peak_103	5_8S_rRNA	604.786			
chr14	16668437	16668758	322	16668621	29	9.43549	3.56895	5.18918	GoodSOCS3peaks_peak_104	5_8S_rRNA	611.1255			
chr14	16780277	16780709	433	16780650	97	15.1919	2.48885	10.5914	GoodSOCS3peaks_peak_105	5_8S_rRNA	723.021			
chr14	16878231	16878627	397	16878465	21	8.18694	3.851	4.05779	GoodSOCS3peaks_peak_106	5_8S_rRNA	820.957			
chr14	16944758	16945338	581	16945130	33	12.0186	4.04481	7.58638	GoodSOCS3peaks_peak_107	5_8S_rRNA	887.576			
chr14	17046536	17046845	310	17046637	68	10.5795	2.41229	6.24456	GoodSOCS3peaks_peak_108	5_8S_rRNA	989.2185			
chr14	17214681	17215010	330	17214729	29	10.3968	3.87969	6.07486	GoodSOCS3peaks_peak_109	ENSG00000215398	1118.8805			
chr14	17357223	17357660	438	17357314	29	5.95105	2.5484	2.09825	GoodSOCS3peaks_peak_110	ENSG00000215398	976.2845			
chr14	17427395	17427724	330	17427639	61	7.53516	2.11772	3.47514	GoodSOCS3peaks_peak_111	ENSG00000215398	906.1665			
chr14	17498890	17499319	430	17499266	86	18.1626	2.97164	13.4468	GoodSOCS3peaks_peak_112	ENSG00000215398	834.6215			
chr14	17535459	17535786	328	17535784	81	5.14535	1.65742	1.44175	GoodSOCS3peaks_peak_113	ENSG00000215398	798.1035			
chr14	17608102	17608453	352	17608155	79	10.2815	2.22164	5.9679	GoodSOCS3peaks_peak_114	ENSG00000215398	725.4485			
chr14	17638397	17638976	580	17638488	26	6.90137	2.97387	2.91635	GoodSOCS3peaks_peak_115	ENSG00000215398	695.0395			
chr14	18103517	18103828	312	18103663	118	19.7652	2.61913	14.995	GoodSOCS3peaks_peak_116	ENSG00000215398	230.0535			
chr14	18152416	18152732	317	18152477	24	6.52441	2.97413	2.58894	GoodSOCS3peaks_peak_117	ENSG00000215398	181.152			
chr14	18171844	18172173	330	18172130	33	7.8927	2.88818	3.79251	GoodSOCS3peaks_peak_118	ENSG00000215398	161.7175			
chr14	19466498	19466849	352	19466712	38	9.16312	2.97287	4.94081	GoodSOCS3peaks_peak_119	MED15P6	18.6625			
chr14	19703675	19704000	326	19703979	40	7.26665	2.48712	3.23714	GoodSOCS3peaks_peak_120	ENSG00000257142	3.1875			
chr14	32484719	32485187	469	32484819	25	10.1062	4.17447	5.80675	GoodSOCS3peaks_peak_121	MTCO1P2	0.153	1.0		
chr14_GL000194v1_random	158392	158752	361	158564	21	7.71104	3.65497	3.63102	GoodSOCS3peaks_peak_122					
chr14_GL000225v1_random	7564	8047	484	7591	176	5.24881	1.40977	1.52199	GoodSOCS3peaks_peak_123					
chr14_GL000225v1_random	13664	13976	313	13935	386	11.405	1.44251	7.01438	GoodSOCS3peaks_peak_124					
chr14_GL000225v1_random	33312	33916	605	33675	284	11.5263	1.54221	7.12744	GoodSOCS3peaks_peak_125					
chr14_GL000225v1_random	41490	42270	781	42200	266	11.6596	1.5707	7.25185	GoodSOCS3peaks_peak_126					
chr14_GL000225v1_random	50600	51002	403	50857	1212	64.9611	1.70375	59.4843	GoodSOCS3peaks_peak_127					
chr14_GL000225v1_random	70622	71288	667	70910	1024	12.5061	1.26189	8.04519	GoodSOCS3peaks_peak_128					
chr14_GL000225v1_random	73901	74607	707	74019	536	19.5933	1.52366	14.8285	GoodSOCS3peaks_peak_129					
chr14_GL000225v1_random	85612	86001	390	85681	959	29.1383	1.4723	24.1301	GoodSOCS3peaks_peak_130					
chr14_GL000225v1_random	90926	91287	362	90979	356	13.0708	1.51293	8.57632	GoodSOCS3peaks_peak_131					
chr14_GL000225v1_random	92322	92831	510	92743	612	23.9482	1.55247	19.0627	GoodSOCS3peaks_peak_132					
chr14_GL000225v1_random	101321	101701	381	101599	343	18.5445	1.67807	13.8157	GoodSOCS3peaks_peak_133					
chr14_GL000225v1_random	112386	112929	544	112527	804	18.8292	1.3944	14.0901	GoodSOCS3peaks_peak_134					
chr14_GL000225v1_random	115069	115445	377	115164	566	24.9886	1.59962	20.0773	GoodSOCS3peaks_peak_135					
chr14_GL000225v1_random	122842	123249	408	122945	333	20.1915	1.73773	15.4084	GoodSOCS3peaks_peak_136					
chr14_GL000225v1_random	131624	132010	387	131722	865	36.1149	1.5851	30.9713	GoodSOCS3peaks_peak_137					
chr15	17080550	17080887	338	17080850	318	5.73261	1.30713	1.92468	GoodSOCS3peaks_peak_138	ENSG00000215567	2797.8365			
chr15	18133045	18133443	399	18133230	18	6.22468	3.32587	2.33247	GoodSOCS3peaks_peak_139	ENSG00000215567	1745.311			
chr15	18566159	18566497	339	18566211	43	6.67852	2.2943	2.72135	GoodSOCS3peaks_peak_140	ENSG00000215567	1312.227			
chr15	19027993	19028334	342	19028141	59	11.0896	2.66144	6.71992	GoodSOCS3peaks_peak_141	ENSG00000215567	850.3915			
chr15	51859160	51860106	947	51859658	205	271.782	43.2373	265.364	GoodSOCS3peaks_peak_142	Metazoa_SRP	1.281			
chr16	34571799	34572140	342	34572098	368	7.65271	1.34503	3.57967	GoodSOCS3peaks_peak_143	ENSG00000286968	125.4035			
chr16	34582913	34583705	793	34583484	2458	80.56	1.50708	74.9421	GoodSOCS3peaks_peak_144	ENSG00000286968	136.743			
chr16	34585686	34586004	319	34585805	602	6.12447	1.22275	2.25071	GoodSOCS3peaks_peak_145	ENSG00000286968	139.279			
chr16	34593223	34593588	366	34593448	1162	91.4414	1.93552	85.7422	GoodSOCS3peaks_peak_146	ENSG00000286968	146.8395			
chr16	34595421	34595784	364	34595486	1094	57.1864	1.68981	51.7981	GoodSOCS3peaks_peak_147	ENSG00000286968	149.0365			
chr16	34725635	34726023	389	34725864	79	16.0967	2.8809	11.4568	GoodSOCS3peaks_peak_148	ENSG00000279165	216.148			
chr16	36827356	36827694	339	36827463	27	15.1561	5.97234	10.5574	GoodSOCS3peaks_peak_149	PPP1R1AP2	915.405			
chr16	36921374	36921775	402	36921447	44	10.2923	2.97257	5.97797	GoodSOCS3peaks_peak_150	PPP1R1AP2	1009.4545			
chr16	46387697	46388059	363	46387932	3026	117.031	1.56794	111.16	GoodSOCS3peaks_peak_151	ENSG00000290429	90.561			
chr16	46388663	46389015	353	46388931	2241	17.2082	1.20416	12.5268	GoodSOCS3peaks_peak_152	ENSG00000290429	89.6			
chr16	46390524	46391278	755	46390680	4058	36.7422	1.22951	31.589	GoodSOCS3peaks_peak_153	ENSG00000290429	87.538			
chr16	46394515	46395065	551	46394782	3516	75.3851	1.3873	69.814	GoodSOCS3peaks_peak_154	ENSG00000290429	83.649			
chr16	46398619	46398949	331	46398794	2857	46.4395	1.32472	41.1649	GoodSOCS3peaks_peak_155	ENSG00000290429	79.655			
chr16	46399308	46399672	365	46399503	3051	100.4	1.50981	94.6334	GoodSOCS3peaks_peak_156	ENSG00000290429	78.949			
chr16	46400115	46400705	591	46400290	2732	59.68	1.39044	54.2626	GoodSOCS3peaks_peak_157	ENSG00000290429	78.029			
chr16	73300322	73300632	311	73300627	15	5.74876	3.41277	1.93004	GoodSOCS3peaks_peak_158	ENSG00000279120	6.181			
chr17	21976081	21976743	663	21976459	1043	34.9956	1.50626	29.8701	GoodSOCS3peaks_peak_159	ENSG00000265233	80.343			
chr17	21991432	21991835	404	21991688	202	12.5887	1.72805	8.12212	GoodSOCS3peaks_peak_160	ENSG00000265233	65.1215			
chr17	22815606	22815924	319	22815676	37	10.0305	3.22797	5.73653	GoodSOCS3peaks_peak_161	WEE1P2	111.35			
chr17	23010288	23010915	628	23010648	30	6.41687	2.63334	2.49714	GoodSOCS3peaks_peak_162	WEE1P2	306.1865			
chr17	26069497	26069870	374	26069729	28	8.66721	3.40024	4.48898	GoodSOCS3peaks_peak_163	ENSG00000263433	912.0105			
chr17	26549066	26549479	414	26549153	72	12.7437	2.61365	8.2673	GoodSOCS3peaks_peak_164	ENSG00000263433	432.4215			
chr17	26568428	26568810	383	26568721	84	15.5018	2.71595	10.8882	GoodSOCS3peaks_peak_165	ENSG00000263433	413.075			
chr17	26572704	26573042	339	26572735	86	11.7074	2.28772	7.29635	GoodSOCS3peaks_peak_166	ENSG00000263433	408.821			
chr17	26619569	26619915	347	26619804	2543	48.5178	1.35801	43.2193	GoodSOCS3peaks_peak_167	ENSG00000263433	361.952			
chr17	26881054	26881511	458	26881296	2296	74.6675	1.50399	69.1027	GoodSOCS3peaks_peak_168	ENSG00000263433	100.4115			
chr17	26882430	26882987	558	26882546	2182	17.6	1.2101	12.9044	GoodSOCS3peaks_peak_169	ENSG00000263433	98.9855			
chr17	26883965	26884330	366	26884115	2469	90.7935	1.54767	85.0995	GoodSOCS3peaks_peak_170	ENSG00000263433	97.5465			
chr17	26939666	26940026	361	26939960	264	6.81954	1.38846	2.84858	GoodSOCS3peaks_peak_171	ENSG00000263433	41.848			
chr17	65342930	65343840	911	65343426	121	124.109	21.7821	118.198	GoodSOCS3peaks_peak_172	LINC02563	114.156			
chr17	78357167	78361030	3864	78359869	5545	11765.3	336.429	11756.2	GoodSOCS3peaks_peak_173	SOCS3	0.9755	1.0	-1.21738	
chr17	79672358	79672758	401	79672554	55	23.6733	5.22159	18.7951	GoodSOCS3peaks_peak_174	MIR4739	34.691			
chr17_KI270729v1_random	280117	280451	335	280363	107	11.1745	2.04388	6.79913	GoodSOCS3peaks_peak_175					
chr18	108010	109057	1048	108177	6504	190.52	1.47545	184.334	GoodSOCS3peaks_peak_176	ROCK1P1	0.5315	1.0		
chr18	110263	110617	355	110409	2366	98.3311	1.59481	92.5789	GoodSOCS3peaks_peak_177	ROCK1P1	1.173			
chr18	8341356	8341733	378	8341400	17	5.61246	3.15082	1.82082	GoodSOCS3peaks_peak_178	ENSG00000266149	25.4895			
chr18	15909923	15910233	311	15910049	30	6.41687	2.63334	2.49714	GoodSOCS3peaks_peak_179	ENSG00000215512	579.796			
chr18	16109997	16110355	359	16110198	44	8.57564	2.63108	4.40695	GoodSOCS3peaks_peak_180	ENSG00000215512	779.894			
chr18	17635574	17636176	603	17635977	33	6.71437	2.59173	2.75245	GoodSOCS3peaks_peak_181	ENSG00000215512	2305.593			
chr18	18238486	18238834	349	18238779	20	6.8901	3.41759	2.90897	GoodSOCS3peaks_peak_182	ROCK1	2716.21		-0.39563	
chr18	18876417	18876750	334	18876442	31	5.3454	2.32021	1.59985	GoodSOCS3peaks_peak_183	ROCK1	2078.2865		-0.39563	
chr18	19579931	19580254	324	19580096	23	9.5909	4.20109	5.33009	GoodSOCS3peaks_peak_184	ROCK1	1374.7775		-0.39563	
chr18	63963506	63963939	434	63963748	37	17.0608	5.22409	12.385	GoodSOCS3peaks_peak_185	HMSD	3.5405		0.30255	
chr18	78753766	78754140	375	78753872	19	6.03781	3.15811	2.17156	GoodSOCS3peaks_peak_186	ENSG00000266273	42.719			
chr19	24722948	24723266	319	24723172	33	8.56482	3.06338	4.3985	GoodSOCS3peaks_peak_187	ENSG00000268442	559.623			
chr19	24930043	24930431	389	24930177	343	24.1477	1.82818	19.2575	GoodSOCS3peaks_peak_188	ENSG00000268442	766.753			
chr19	24932578	24932930	353	24932702	215	36.9152	2.7308	31.7594	GoodSOCS3peaks_peak_189	ENSG00000268442	769.27			
chr19	25058455	25058791	337	25058487	52	7.27476	2.21843	3.24416	GoodSOCS3peaks_peak_190	ENSG00000268442	895.139			
chr19	25075382	25075698	317	25075484	77	12.4549	2.49229	7.99667	GoodSOCS3peaks_peak_191	ENSG00000268442	912.056			
chr19	25088656	25088977	322	25088879	129	18.3299	2.39909	13.6089	GoodSOCS3peaks_peak_192	ENSG00000268442	925.3325			
chr19	25150392	25150715	324	25150494	46	9.45957	2.73922	5.21111	GoodSOCS3peaks_peak_193	ENSG00000268442	987.0695			
chr19	25206195	25206506	312	25206318	40	8.32246	2.70834	4.17859	GoodSOCS3peaks_peak_194	ENSG00000268442	1042.8665			
chr19	25231280	25231613	334	25231498	110	19.2938	2.68146	14.539	GoodSOCS3peaks_peak_195	ENSG00000268442	1067.9625			
chr19	25240533	25240857	325	25240598	33	7.27809	2.73194	3.2462	GoodSOCS3peaks_peak_196	ENSG00000268442	1077.211			
chr19	25287039	25287385	347	25287298	30	13.3559	4.79997	8.84511	GoodSOCS3peaks_peak_197	ENSG00000268442	1123.728			
chr19	25295483	25295839	357	25295736	97	15.1919	2.48885	10.5914	GoodSOCS3peaks_peak_198	ENSG00000268442	1132.177			
chr19	25488680	25489031	352	25488920	28	11.9935	4.54114	7.56373	GoodSOCS3peaks_peak_199	ENSG00000268442	1325.3715			
chr19	25591264	25591580	317	25591340	40	8.32246	2.70834	4.17859	GoodSOCS3peaks_peak_200	ENSG00000268442	1427.938			
chr19	25667825	25668147	323	25667924	76	16.9223	3.05105	12.2513	GoodSOCS3peaks_peak_201	ENSG00000268442	1504.502			
chr19	25788222	25788585	364	25788450	32	9.52185	3.3838	5.2685	GoodSOCS3peaks_peak_202	ENSG00000268442	1624.9195			
chr19	25800389	25800727	339	25800441	68	13.6051	2.80899	9.08114	GoodSOCS3peaks_peak_203	ENSG00000268442	1637.074			
chr19	25912014	25912326	313	25912217	44	9.54031	2.82078	5.2845	GoodSOCS3peaks_peak_204	ENSG00000279882	1727.495			
chr19	25913232	25913542	311	25913344	53	6.52011	2.0841	2.58663	GoodSOCS3peaks_peak_205	ENSG00000279882	1726.278			
chr19	25986968	25987293	326	25987096	31	14.2817	5.01092	9.72342	GoodSOCS3peaks_peak_206	ENSG00000279882	1652.5345			
chr19	26018279	26018616	338	26018391	43	8.61292	2.66911	4.43987	GoodSOCS3peaks_peak_207	ENSG00000279882	1621.2175			
chr19	26168208	26168545	338	26168425	34	18.4355	6.12659	13.7104	GoodSOCS3peaks_peak_208	ENSG00000279882	1471.2885			
chr19	26226698	26227038	341	26227023	57	10.7143	2.65192	6.37109	GoodSOCS3peaks_peak_209	ENSG00000279882	1412.797			
chr19	26461175	26461509	335	26461385	221	44.1806	3.01173	38.9329	GoodSOCS3peaks_peak_210	ENSG00000279882	1178.323			
chr19	26536889	26537200	312	26537075	64	16.8015	3.38931	12.1349	GoodSOCS3peaks_peak_211	ENSG00000279882	1102.6205			
chr19	26561573	26561902	330	26561682	56	9.288	2.45505	5.05385	GoodSOCS3peaks_peak_212	ENSG00000279882	1077.9275			
chr19	26670764	26671161	398	26671074	49	8.70541	2.51874	4.52397	GoodSOCS3peaks_peak_213	ENSG00000279882	968.7025			
chr19	26965840	26966176	337	26965876	60	7.18876	2.08356	3.1697	GoodSOCS3peaks_peak_214	ENSG00000279882	673.657			
chr19	27009163	27009498	336	27009287	104	13.6888	2.27725	9.16098	GoodSOCS3peaks_peak_215	ENSG00000279882	630.3345			
chr19	27132731	27133059	329	27132955	175	23.1805	2.34485	18.3133	GoodSOCS3peaks_peak_216	ENSG00000279882	506.77			
chr19	27144788	27145097	310	27144906	123	21.9681	2.72918	17.133	GoodSOCS3peaks_peak_217	ENSG00000279882	494.7225			
chr19	27156028	27156639	612	27156124	85	5.90573	1.71493	2.05878	GoodSOCS3peaks_peak_218	ENSG00000279882	483.3315			
chr19	27187468	27187781	314	27187665	134	16.9855	2.26611	12.3125	GoodSOCS3peaks_peak_219	ENSG00000279882	452.0405			
chr1_KI270709v1_random	702	1019	318	893	542	29.9177	1.70338	24.8931	GoodSOCS3peaks_peak_220					
chr1_KI270709v1_random	12066	12488	423	12405	733	18.1597	1.40767	13.4441	GoodSOCS3peaks_peak_221					
chr1_KI270709v1_random	13803	14119	317	13911	1583	99.5731	1.79395	93.8125	GoodSOCS3peaks_peak_222					
chr1_KI270709v1_random	15828	16226	399	16174	695	14.845	1.36837	10.2603	GoodSOCS3peaks_peak_223					
chr2	24174790	24175195	406	24175011	23	9.5909	4.20109	5.33009	GoodSOCS3peaks_peak_224	ENSG00000232642	0.0125	1.0		
chr2	89828580	89829304	725	89828631	2237	37.0411	1.32674	31.8836	GoodSOCS3peaks_peak_225	IGKV2D-40	22.849			
chr2	89836279	89836834	556	89836511	4124	144.042	1.53193	138.046	GoodSOCS3peaks_peak_226	IGKV2D-40	15.2345			
chr2	92411516	92411834	319	92411729	22	6.14774	2.97443	2.26894	GoodSOCS3peaks_peak_227	IGKV1OR2-2	376.675			
chr2	92421735	92422056	322	92421900	30	7.65556	2.97345	3.58134	GoodSOCS3peaks_peak_228	IGKV1OR2-2	386.8955			
chr2	92439644	92439987	344	92439743	65	13.3295	2.84269	8.82018	GoodSOCS3peaks_peak_229	IGKV1OR2-2	404.8155			
chr2	92902211	92902538	328	92902324	21	10.1072	4.69255	5.80675	GoodSOCS3peaks_peak_230	IGKV1OR2-2	867.3745			
chr2	131383556	131383924	369	131383823	25	11.7277	4.82214	7.31478	GoodSOCS3peaks_peak_231	MTCO1P18	0.321	1.0		
chr2	132257677	132258104	428	132257742	42	7.64198	2.50609	3.57089	GoodSOCS3peaks_peak_232	ANKRD30BL	0.0785	1.0		
chr2	132272631	132273098	468	132272723	43	12.1121	3.40541	7.67459	GoodSOCS3peaks_peak_233	CDC27P1	10.5365			
chr20	62039	62448	410	62122	167	16.5079	2.04	11.8523	GoodSOCS3peaks_peak_234	DEFB125	25.0065		0.5397043333333333	
chr20	26451677	26452203	527	26452008	38	9.16312	2.97287	4.94081	GoodSOCS3peaks_peak_235	MIR663AHG	200.394			
chr20	26736696	26737022	327	26736978	28	7.18288	2.94526	3.16664	GoodSOCS3peaks_peak_236	MIR663AHG	485.313			
chr20	27356290	27356602	313	27356448	52	13.8834	3.35196	9.34547	GoodSOCS3peaks_peak_237	MIR663AHG	1104.9			
chr20	27425659	27426106	448	27426005	88	13.3285	2.42622	8.81934	GoodSOCS3peaks_peak_238	MIR663AHG	1174.3365			
chr20	27813644	27814057	414	27813853	40	10.4298	3.17323	6.10601	GoodSOCS3peaks_peak_239	ENSG00000291100	788.7835			
chr20	28494862	28495955	1094	28495502	219	5.23996	1.35879	1.51496	GoodSOCS3peaks_peak_240	ENSG00000291100	107.2255			
chr20	29262041	29262361	321	29262209	147	12.1634	1.88716	7.72347	GoodSOCS3peaks_peak_241	5_8S_rRNA	35.045			
chr20	29307220	29307620	401	29307445	43	9.51765	2.85155	5.26528	GoodSOCS3peaks_peak_242	5_8S_rRNA	10.174			
chr20	30514056	30514379	324	30514079	37	5.58966	2.21469	1.80399	GoodSOCS3peaks_peak_243	ENSG00000290901	23.3795			
chr20	31052043	31052787	745	31052101	395	7.11168	1.31442	3.1026	GoodSOCS3peaks_peak_244	DEFB115	205.249		-0.05549	
chr20	31075377	31075759	383	31075687	583	16.5708	1.44214	11.913	GoodSOCS3peaks_peak_245	DEFB115	182.096		-0.05549	
chr21	7257887	7258290	404	7258185	459	12.3182	1.41904	7.86723	GoodSOCS3peaks_peak_246	ENSG00000279303	120.2995			
chr21	7947720	7948074	355	7947971	71	5.57416	1.76808	1.79103	GoodSOCS3peaks_peak_247	ENSG00000276289	118.265			
chr21	7978171	7978779	609	7978527	54	7.24106	2.17932	3.21433	GoodSOCS3peaks_peak_248	ENSG00000279967	125.231			
chr21	8208412	8208926	515	8208831	789	12.7506	1.30889	8.27384	GoodSOCS3peaks_peak_249	ENSG00000277437	0.175	1.0		
chr21	9246761	9247072	312	9246811	223	8.39928	1.50218	4.24971	GoodSOCS3peaks_peak_250	ENSG00000278932	78.0965			
chr21	11117350	11118063	714	11117428	69	11.936	2.56815	7.50915	GoodSOCS3peaks_peak_251	IGHV1OR21-1	467.8715			
chr21	11185749	11186059	311	11185778	43	8.61292	2.66911	4.43987	GoodSOCS3peaks_peak_252	IGHV1OR21-1	536.069			
chr21	11302475	11302842	368	11302518	32	12.4375	4.26766	7.98078	GoodSOCS3peaks_peak_253	IGHV1OR21-1	652.8235			
chr21	11363908	11364355	448	11364049	134	18.5901	2.3734	13.8595	GoodSOCS3peaks_peak_254	IGHV1OR21-1	714.2965			
chr21	11522535	11523073	539	11522937	93	12.7455	2.30833	8.2688	GoodSOCS3peaks_peak_255	IGHV1OR21-1	872.969			
chr21	11537334	11537661	328	11537604	40	7.77626	2.59302	3.69099	GoodSOCS3peaks_peak_256	IGHV1OR21-1	887.6625			
chr21	11545086	11545439	354	11545386	24	5.26419	2.56349	1.52895	GoodSOCS3peaks_peak_257	IGHV1OR21-1	895.4275			
chr21	11611564	11611917	354	11611811	26	11.8258	4.72623	7.40744	GoodSOCS3peaks_peak_258	IGHV1OR21-1	961.9055			
chr21	11630922	11631261	340	11631041	44	20.0874	5.35343	15.3073	GoodSOCS3peaks_peak_259	IGHV1OR21-1	981.2565			
chr21	11725951	11726324	374	11726261	31	7.51302	2.88318	3.45817	GoodSOCS3peaks_peak_260	IGHV1OR21-1	1076.3025			
chr21	11740326	11740678	353	11740621	29	7.13289	2.87753	3.12003	GoodSOCS3peaks_peak_261	IGHV1OR21-1	1090.667			
chr21	11762063	11762427	365	11762132	57	8.79606	2.36118	4.60706	GoodSOCS3peaks_peak_262	IGHV1OR21-1	1112.41			
chr21	11773656	11774086	431	11773969	35	12.3081	3.96516	7.85742	GoodSOCS3peaks_peak_263	IGHV1OR21-1	1124.036			
chr21	11788818	11789158	341	11788923	74	13.6339	2.68526	9.10847	GoodSOCS3peaks_peak_264	IGHV1OR21-1	1139.153			
chr21	11992644	11992970	327	11992855	66	15.0587	3.06342	10.4643	GoodSOCS3peaks_peak_265	ENSG00000229306	1023.885			
chr21	12096476	12096889	414	12096610	90	9.84627	2.06403	5.56723	GoodSOCS3peaks_peak_266	ENSG00000229306	920.0095			
chr21	12141508	12141825	318	12141732	39	12.9202	3.83671	8.43474	GoodSOCS3peaks_peak_267	ENSG00000229306	875.0255			
chr21	12241217	12241622	406	12241551	90	16.0944	2.67729	11.4547	GoodSOCS3peaks_peak_268	ENSG00000229306	775.2725			
chr21	12382513	12382879	367	12382853	77	5.03584	1.66733	1.36618	GoodSOCS3peaks_peak_269	ENSG00000229306	633.996			
chr21	12509560	12509896	337	12509575	85	6.13573	1.73827	2.26034	GoodSOCS3peaks_peak_270	ENSG00000229306	506.964			
chr21	12544150	12544517	368	12544508	34	5.67834	2.312	1.87614	GoodSOCS3peaks_peak_271	ENSG00000229306	472.3585			
chr21	12722589	12722985	397	12722699	36	8.14953	2.82042	4.02482	GoodSOCS3peaks_peak_272	ENSG00000229306	293.905			
chr21	29181660	29182016	357	29181871	21	10.1072	4.69255	5.80675	GoodSOCS3peaks_peak_273	U3	1.199			
chr22	12977722	12978056	335	12978001	73	8.52393	2.09418	4.36357	GoodSOCS3peaks_peak_274	FRG1GP	375.423			
chr22	13249811	13250520	710	13250363	115	11.2139	1.99221	6.83499	GoodSOCS3peaks_peak_275	FRG1GP	647.6995			
chr22	13254111	13254538	428	13254346	73	6.94422	1.91203	2.95387	GoodSOCS3peaks_peak_276	FRG1GP	651.8585			
chr22	13570504	13570815	312	13570790	22	6.14774	2.97443	2.26894	GoodSOCS3peaks_peak_277	FRG1GP	968.1935			
chr22	13661086	13661486	401	13661471	79	5.52857	1.71008	1.75319	GoodSOCS3peaks_peak_278	FRG1GP	1058.82			
chr22	13699324	13699678	355	13699525	18	6.22468	3.32587	2.33247	GoodSOCS3peaks_peak_279	FRG1GP	1097.035			
chr22	13878836	13879175	340	13879143	40	11.8827	3.51455	7.45932	GoodSOCS3peaks_peak_280	FRG1GP	1276.5395			
chr22	13883092	13883436	345	13883197	35	8.93837	3.05807	4.73494	GoodSOCS3peaks_peak_281	FRG1GP	1280.798			
chr22	13912163	13912554	392	13912465	38	12.2893	3.74079	7.84059	GoodSOCS3peaks_peak_282	FRG1GP	1309.8925			
chr22	13927333	13927675	343	13927419	65	9.81513	2.36303	5.53869	GoodSOCS3peaks_peak_283	FRG1GP	1325.038			
chr22	13951018	13951327	310	13951273	31	7.51302	2.88318	3.45817	GoodSOCS3peaks_peak_284	U6	1322.6825			
chr22	14146269	14146592	324	14146346	63	8.63303	2.23749	4.45847	GoodSOCS3peaks_peak_285	U6	1127.4245			
chr22	14154496	14154820	325	14154512	49	7.34525	2.28614	3.30585	GoodSOCS3peaks_peak_286	U6	1119.197			
chr22	14379723	14380092	370	14380046	81	11.023	2.27719	6.65792	GoodSOCS3peaks_peak_287	U6	893.9475			
chr22	14390951	14391396	446	14391047	49	10.3148	2.80404	5.99911	GoodSOCS3peaks_peak_288	U6	882.6815			
chr22	14404909	14405390	482	14404988	78	11.9556	2.42011	7.52783	GoodSOCS3peaks_peak_289	U6	868.7055			
chr22	14416374	14417069	696	14416613	85	7.95674	1.92129	3.85011	GoodSOCS3peaks_peak_290	U6	857.1335			
chr22	14488889	14489275	387	14488948	77	11.9969	2.4398	7.56663	GoodSOCS3peaks_peak_291	U6	784.773			
chr22	14572145	14572455	311	14572263	28	11.9935	4.54114	7.56373	GoodSOCS3peaks_peak_292	U6	701.555			
chr22	14648033	14648346	314	14648051	79	7.0282	1.8717	3.02847	GoodSOCS3peaks_peak_293	U6	625.6655			
chr22	14863944	14864275	332	14864268	42	5.33434	2.0606	1.5916	GoodSOCS3peaks_peak_294	U6	409.7455			
chr22	14912867	14913188	322	14913180	44	6.64966	2.26687	2.69478	GoodSOCS3peaks_peak_295	U6	360.8275			
chr22	15701255	15701582	328	15701259	27	5.06093	2.3785	1.38765	GoodSOCS3peaks_peak_296	RNU6-816P	0.0405	1.0		
chr22	25057164	25057652	489	25057412	42	28.0876	8.39856	23.1029	GoodSOCS3peaks_peak_297	ENSG00000279006	5.442			
chr22	38052326	38052740	415	38052576	54	24.9425	5.62165	20.0326	GoodSOCS3peaks_peak_298	PICK1	3.778		0.33399	
chr22_KI270731v1_random	128559	128885	327	128746	32	12.4375	4.26766	7.98078	GoodSOCS3peaks_peak_299					
chr22_KI270735v1_random	40935	41274	340	40986	552	17.8333	1.48134	13.129	GoodSOCS3peaks_peak_300					
chr22_KI270737v1_random	33060	33371	312	33060	202	5.92114	1.41237	2.07215	GoodSOCS3peaks_peak_301					
chr3	194264758	194265306	549	194265111	16	5.74728	3.30685	1.93004	GoodSOCS3peaks_peak_302	LINC02048	11.65			
chr4	1435034	1435360	327	1435270	101	7.94732	1.81472	3.84113	GoodSOCS3peaks_peak_303	NKX1-1	28.755		0.075703333	
chr4	49094609	49095036	428	49094958	1560	34.9465	1.39213	29.8216	GoodSOCS3peaks_peak_304	CWH43	66.1305		-0.672516667	
chr4	49096799	49097313	515	49097267	1506	17.3218	1.25717	12.6366	GoodSOCS3peaks_peak_305	CWH43	68.364		-0.672516667	
chr4	49099063	49099806	744	49099482	1382	11.2613	1.20658	6.87976	GoodSOCS3peaks_peak_306	CWH43	70.7425		-0.672516667	
chr4	49105361	49105944	584	49105776	1397	27.0347	1.35586	22.0742	GoodSOCS3peaks_peak_307	CWH43	76.9605		-0.672516667	
chr4	49109692	49110015	324	49109722	1531	9.25473	1.17265	5.02378	GoodSOCS3peaks_peak_308	CWH43	81.1615		-0.672516667	
chr4	49110530	49110847	318	49110759	2697	52.0461	1.36098	46.7116	GoodSOCS3peaks_peak_309	CWH43	81.9965		-0.672516667	
chr4	49112418	49112783	366	49112726	693	14.5682	1.36443	9.99596	GoodSOCS3peaks_peak_310	CWH43	83.9085		-0.672516667	
chr4	49118564	49119051	488	49118963	2930	36.9401	1.27799	31.7841	GoodSOCS3peaks_peak_311	ENSG00000249828	84.9185			
chr4	49119519	49119989	471	49119582	1601	24.3697	1.30706	19.4743	GoodSOCS3peaks_peak_312	ENSG00000249828	83.972			
chr4	49120556	49121172	617	49120581	1193	17.6191	1.29783	12.9228	GoodSOCS3peaks_peak_313	ENSG00000249828	82.862			
chr4	49123353	49123703	351	49123642	1267	15.1985	1.26191	10.5976	GoodSOCS3peaks_peak_314	ENSG00000249828	80.198			
chr4	49139410	49139811	402	49139703	1404	65.0162	1.63614	59.5384	GoodSOCS3peaks_peak_315	ENSG00000249828	64.1155			
chr4	49141851	49142216	366	49141914	794	14.4246	1.33354	9.85995	GoodSOCS3peaks_peak_316	ENSG00000249828	61.6925			
chr4	49149156	49149824	669	49149448	10016	204.366	1.37897	198.13	GoodSOCS3peaks_peak_317	ENSG00000249828	54.236			
chr4	49153189	49153626	438	49153552	2342	81.3402	1.5267	75.7164	GoodSOCS3peaks_peak_318	ENSG00000249828	50.3185			
chr4	49154468	49154948	481	49154914	3930	41.0123	1.24961	35.8009	GoodSOCS3peaks_peak_319	ENSG00000249828	49.018			
chr4	49632614	49633013	400	49632706	1124	34.1079	1.4742	28.9982	GoodSOCS3peaks_peak_320	SNX18P25	44.0415			
chr4	49635184	49635607	424	49635267	934	13.2355	1.28651	8.73158	GoodSOCS3peaks_peak_321	SNX18P25	46.6235			
chr4	49637610	49638182	573	49637728	944	10.8371	1.25046	6.48542	GoodSOCS3peaks_peak_322	SNX18P25	49.124			
chr4	49639095	49639452	358	49639136	602	7.05322	1.24484	3.05165	GoodSOCS3peaks_peak_323	SNX18P25	50.5015			
chr4	50122458	50122843	386	50122470	20	5.7716	2.97479	1.94788	GoodSOCS3peaks_peak_324	SNX18P25	533.8785			
chr4	64606885	64607279	395	64606999	18	7.22241	3.77018	3.19733	GoodSOCS3peaks_peak_325	MTCO3P27	0.664	1.0		
chr4	98082214	98082581	368	98082357	16	5.8892	3.37332	2.04426	GoodSOCS3peaks_peak_326	DUTP8	33.8425			
chr4	174120273	174120932	660	174120476	63	54.4031	13.6511	49.043	GoodSOCS3peaks_peak_327	LINC02268	0.0125	1.0		
chr4	190177446	190177789	344	190177737	749	10.7908	1.28564	6.44234	GoodSOCS3peaks_peak_328	DUX4	2.4245			
chr4	190179326	190179753	428	190179567	3971	132.266	1.51527	126.313	GoodSOCS3peaks_peak_329	DUX4	2.5775			
chr4_GL000008v2_random	297	609	313	362	417	13.1676	1.46608	8.66776	GoodSOCS3peaks_peak_330					
chr5	10240	11001	762	10963	148	6.92131	1.56421	2.93425	GoodSOCS3peaks_peak_331	ENSG00000250020	47.5775			
chr5	43102258	43103108	851	43102703	142	160.522	27.592	154.473	GoodSOCS3peaks_peak_332	ZNF131	18.2		0.8525633333333331	
chr5	47333099	47333420	322	47333212	196	27.5364	2.42857	22.5648	GoodSOCS3peaks_peak_333	ENSG00000250122	1443.0435			
chr5	47359603	47359921	319	47359819	165	18.4434	2.15366	13.7179	GoodSOCS3peaks_peak_334	ENSG00000250122	1469.546			
chr5	47475868	47476193	326	47475981	88	23.3892	3.52653	18.5169	GoodSOCS3peaks_peak_335	ENSG00000250122	1585.8145			
chr5	47489156	47489468	313	47489393	123	15.2681	2.23287	10.6641	GoodSOCS3peaks_peak_336	ENSG00000250122	1599.096			
chr5	47547486	47547999	514	47547569	76	7.56663	1.95552	3.50286	GoodSOCS3peaks_peak_337	ENSG00000250122	1657.5265			
chr5	47606693	47607004	312	47606808	42	7.64198	2.50609	3.57089	GoodSOCS3peaks_peak_338	ENSG00000250122	1716.6325			
chr5	47631779	47632106	328	47631992	115	19.9644	2.67188	15.1886	GoodSOCS3peaks_peak_339	ENSG00000250122	1741.7265			
chr5	47739771	47740126	356	47740017	44	8.01722	2.52363	3.90491	GoodSOCS3peaks_peak_340	ENSG00000250122	1849.7325			
chr5	47855239	47855552	314	47855358	165	27.1873	2.63745	22.2235	GoodSOCS3peaks_peak_341	ENSG00000250122	1965.1795			
chr5	47969291	47969693	403	47969352	30	10.0614	3.68792	5.76471	GoodSOCS3peaks_peak_342	ENSG00000250122	2079.276			
chr5	48068328	48068642	315	48068418	72	13.7971	2.74604	9.26413	GoodSOCS3peaks_peak_343	ENSG00000250122	2178.269			
chr5	48200886	48201212	327	48200936	79	13.2993	2.55619	8.79156	GoodSOCS3peaks_peak_344	EMB	2210.949		0.18674	
chr5	48295543	48295915	373	48295628	16	6.41872	3.62606	2.49714	GoodSOCS3peaks_peak_345	EMB	2116.269		0.18674	
chr5	48313717	48314034	318	48313854	45	10.5033	2.97713	6.17528	GoodSOCS3peaks_peak_346	EMB	2098.1225		0.18674	
chr5	48355414	48355725	312	48355625	158	18.869	2.21782	14.1283	GoodSOCS3peaks_peak_347	EMB	2056.4285		0.18674	
chr5	48370038	48370362	325	48370334	45	8.45892	2.57972	4.30456	GoodSOCS3peaks_peak_348	EMB	2041.798		0.18674	
chr5	48412371	48412687	317	48412536	16	6.41872	3.62606	2.49714	GoodSOCS3peaks_peak_349	EMB	1999.469		0.18674	
chr5	48500634	48500965	332	48500855	37	10.0305	3.22797	5.73653	GoodSOCS3peaks_peak_350	EMB	1911.1985		0.18674	
chr5	48836066	48836597	532	48836584	35	5.22876	2.18382	1.50507	GoodSOCS3peaks_peak_351	EMB	1575.6665		0.18674	
chr5	48860483	48860807	325	48860660	178	32.4523	2.81389	27.3765	GoodSOCS3peaks_peak_352	EMB	1551.353		0.18674	
chr5	48861673	48862003	331	48861895	218	34.2354	2.59221	29.1237	GoodSOCS3peaks_peak_353	EMB	1550.16		0.18674	
chr5	48937389	48937726	338	48937620	66	10.2151	2.39883	5.90699	GoodSOCS3peaks_peak_354	EMB	1474.4405		0.18674	
chr5	48962068	48962396	329	48962160	55	7.22763	2.16129	3.20199	GoodSOCS3peaks_peak_355	EMB	1449.766		0.18674	
chr5	49071251	49071566	316	49071564	52	5.53138	1.94445	1.75536	GoodSOCS3peaks_peak_356	EMB	1340.5895		0.18674	
chr5	49189576	49189893	318	49189631	43	7.11762	2.37778	3.10683	GoodSOCS3peaks_peak_357	EMB	1222.2635		0.18674	
chr5	49260283	49260604	322	49260436	103	24.9583	3.32305	20.048	GoodSOCS3peaks_peak_358	EMB	1151.5545		0.18674	
chr5	49366315	49366674	360	49366390	49	10.3148	2.80404	5.99911	GoodSOCS3peaks_peak_359	EMB	1045.5035		0.18674	
chr5	49376179	49376600	422	49376449	82	13.1399	2.49127	8.64232	GoodSOCS3peaks_peak_360	EMB	1035.6085		0.18674	
chr5	49409657	49409983	327	49409788	114	13.1817	2.14897	8.68078	GoodSOCS3peaks_peak_361	EMB	1002.178		0.18674	
chr5	49419177	49419519	343	49419385	80	22.8174	3.70354	17.9592	GoodSOCS3peaks_peak_362	EMB	992.65		0.18674	
chr5	49470913	49471248	336	49471021	50	8.64884	2.48484	4.47253	GoodSOCS3peaks_peak_363	EMB	940.9175		0.18674	
chr5	49528102	49528431	330	49528359	92	14.0546	2.44549	9.5092	GoodSOCS3peaks_peak_364	EMB	883.7315		0.18674	
chr5	49545267	49545609	343	49545407	129	36.6233	3.8247	31.4717	GoodSOCS3peaks_peak_365	EMB	866.56		0.18674	
chr5	49602049	49602383	335	49602086	10346	44.5904	1.15211	39.3384	GoodSOCS3peaks_peak_366	EMB	809.782		0.18674	
chr5	49615430	49615754	325	49615519	399	18.0196	1.59933	13.3091	GoodSOCS3peaks_peak_367	EMB	796.406		0.18674	
chr5	49622423	49622804	382	49622665	340	67.1394	3.0241	61.6402	GoodSOCS3peaks_peak_368	EMB	789.3845		0.18674	
chr5	49623771	49624151	381	49623826	68	9.31998	2.25319	5.08297	GoodSOCS3peaks_peak_369	EMB	788.037		0.18674	
chr5	49630843	49631176	334	49630991	1805	176.853	2.11805	170.74	GoodSOCS3peaks_peak_370	EMB	780.9885		0.18674	
chr5	49642309	49642693	385	49642320	141	6.36441	1.54533	2.4537	GoodSOCS3peaks_peak_371	EMB	769.497		0.18674	
chr5	49643710	49644140	431	49644053	292	31.8785	2.17072	26.8142	GoodSOCS3peaks_peak_372	EMB	768.073		0.18674	
chr5	49658364	49658773	410	49658663	6284	38.2937	1.1837	33.1151	GoodSOCS3peaks_peak_373	EMB	753.4295		0.18674	
chr5	49659487	49659923	437	49659521	3610	57.2713	1.32122	51.8819	GoodSOCS3peaks_peak_374	EMB	752.293		0.18674	
chr5	49661063	49661819	757	49661499	4886	5.14539	1.06457	1.44179	GoodSOCS3peaks_peak_375	EMB	750.557		0.18674	
chr5	49859091	49859525	435	49859376	43	14.5129	3.96437	9.94374	GoodSOCS3peaks_peak_376	EMB	552.69		0.18674	
chr5	60420819	60421181	363	60421071	18	7.82972	4.05266	3.73817	GoodSOCS3peaks_peak_377	ENSG00000213896	9.276			
chr5	128835726	128836242	517	128836037	41	28.904	8.95851	23.9007	GoodSOCS3peaks_peak_378	ENSG00000288697	96.191			
chr5	179299531	179299960	430	179299890	24	9.37099	4.00048	5.13022	GoodSOCS3peaks_peak_379	ADAMTS2	45.6845		0.32759	
chr6	58833738	58834079	342	58833742	48	5.78389	2.04127	1.95953	GoodSOCS3peaks_peak_380	ENSG00000275046	447.1095			
chr6	58920879	58921191	313	58921071	102	12.2123	2.17049	7.76792	GoodSOCS3peaks_peak_381	ENSG00000275046	534.236			
chr6	59494290	59494607	318	59494528	191	18.7495	2.04452	14.0133	GoodSOCS3peaks_peak_382	PRIM2BP	786.9955			
chr6	59520296	59520605	310	59520490	96	17.211	2.69374	12.5294	GoodSOCS3peaks_peak_383	PRIM2BP	760.9935			
chr6	107577439	107577890	452	107577662	62	33.5837	6.93903	28.4848	GoodSOCS3peaks_peak_384	ENSG00000289433	17.6865			
chr6	152238402	152238841	440	152238666	32	15.0714	5.16751	10.4767	GoodSOCS3peaks_peak_385	SYNE1	12.7845		-0.41245	
chr7	5690550	5690880	331	5690677	29	15.9277	5.95292	11.2952	GoodSOCS3peaks_peak_386	RNF216-IT1	10.254			
chr7	50587400	50587787	388	50587592	30	12.2009	4.39136	7.75741	GoodSOCS3peaks_peak_387	GRB10	8.2465		-0.5032	
chr7	62350841	62351236	396	62350850	27	5.06093	2.3785	1.38765	GoodSOCS3peaks_peak_388	ENSG00000233918	75.3605			
chr7	156319181	156319544	364	156319182	15	5.25801	3.17489	1.52503	GoodSOCS3peaks_peak_389	ENSG00000270584	55.8155			
chr7	159171902	159172274	373	159171968	24	7.28175	3.23308	3.24808	GoodSOCS3peaks_peak_390	VIPR2	27.221		-0.061673333	
chr8	33011722	33012119	398	33011949	30	14.3015	5.15019	9.74224	GoodSOCS3peaks_peak_391	MTND1P6	2.1605			
chr8	45610470	45610790	321	45610768	18	5.39643	2.97523	1.64159	GoodSOCS3peaks_peak_392	ENSG00000276685	418.262			
chr8	106285405	106286253	849	106285896	144	141.012	20.5241	135.024	GoodSOCS3peaks_peak_393	OXR1	15.538		0.4210933333333333	
chr9	41229420	41230016	597	41229575	113	12.8382	2.13028	8.357	GoodSOCS3peaks_peak_394	MIR4477A	4.037			
chr9	43481691	43482262	572	43481953	125	11.5987	1.95999	7.19478	GoodSOCS3peaks_peak_395	ENSG00000286916	236.9895			
chr9	43650719	43651029	311	43650851	80	18.3184	3.12614	13.5978	GoodSOCS3peaks_peak_396	ENSG00000286916	405.887			
chr9	43787733	43788066	334	43787766	35	7.65949	2.74419	3.58428	GoodSOCS3peaks_peak_397	ENSG00000286916	542.9125			
chr9	44271661	44271971	311	44271739	35	8.27196	2.89264	4.1321	GoodSOCS3peaks_peak_398	ENSG00000286916	1026.829			
chr9	44579819	44580158	340	44579833	42	5.16436	2.02852	1.45771	GoodSOCS3peaks_peak_399	ENSG00000286916	1335.0015			
chr9	60632908	60633255	348	60633010	98	10.1864	2.02864	5.8805	GoodSOCS3peaks_peak_400	ENSG00000277598	85.9275			
chr9	60637299	60637658	360	60637609	113	11.5132	2.02821	7.11559	GoodSOCS3peaks_peak_401	ENSG00000277598	90.3245			
chr9	67723669	67724206	538	67723829	227	5.36622	1.3574	1.61659	GoodSOCS3peaks_peak_402	FAM27B	1.9645			
chr9	120711313	120711881	569	120711575	59	43.466	10.4778	38.2266	GoodSOCS3peaks_peak_403	MEGF9	2.873		0.1860966666666667	
chrUn_GL000214v1	123459	123886	428	123802	277	16.8486	1.73142	12.1799	GoodSOCS3peaks_peak_404					
chrUn_GL000214v1	125046	125407	362	125386	239	6.18557	1.38445	2.30173	GoodSOCS3peaks_peak_405					
chrUn_GL000214v1	125877	126248	372	125985	341	14.0624	1.5559	9.51658	GoodSOCS3peaks_peak_406					
chrUn_GL000214v1	127565	127956	392	127886	294	9.27645	1.45337	5.04402	GoodSOCS3peaks_peak_407					
chrUn_GL000214v1	129130	129626	497	129536	718	5.19402	1.18072	1.47931	GoodSOCS3peaks_peak_408					
chrUn_GL000216v2	712	1095	384	788	1102	23.2082	1.37271	18.3406	GoodSOCS3peaks_peak_409					
chrUn_GL000216v2	5798	6194	397	5884	1434	38.699	1.44163	33.5142	GoodSOCS3peaks_peak_410					
chrUn_GL000216v2	14462	14917	456	14827	423	11.2357	1.41368	6.85573	GoodSOCS3peaks_peak_411					
chrUn_GL000216v2	160646	160980	335	160788	907	28.133	1.47802	23.1475	GoodSOCS3peaks_peak_412					
chrUn_GL000220v1	138212	138647	436	138283	749	6.75497	1.21022	2.78865	GoodSOCS3peaks_peak_413					
chrUn_GL000224v1	1330	1808	479	1366	598	7.32036	1.25196	3.28358	GoodSOCS3peaks_peak_414					
chrUn_GL000224v1	11187	11498	312	11472	375	6.27905	1.29732	2.37907	GoodSOCS3peaks_peak_415					
chrUn_GL000226v1	1659	2047	389	1712	232	7.65023	1.45726	3.57758	GoodSOCS3peaks_peak_416					
chrUn_GL000226v1	6578	6908	331	6785	492	29.5339	1.74562	24.5171	GoodSOCS3peaks_peak_417					
chrUn_GL000226v1	13342	14024	683	13959	198	10.4122	1.63768	6.0896	GoodSOCS3peaks_peak_418					
chrUn_KI270303v1	1235	1640	406	1367	1496	124.001	1.97737	118.091	GoodSOCS3peaks_peak_419					
chrUn_KI270304v1	781	1888	1108	1073	1053	78.5555	1.89649	72.9529	GoodSOCS3peaks_peak_420					
chrUn_KI270310v1	687	998	312	885	2068	101.609	1.66702	95.8333	GoodSOCS3peaks_peak_421					
chrUn_KI270387v1	996	1363	368	1265	21	7.18767	3.44501	3.16899	GoodSOCS3peaks_peak_422					
chrUn_KI270435v1	92060	92491	432	92172	654	11.41	1.32098	7.01929	GoodSOCS3peaks_peak_423					
chrUn_KI270438v1	46722	47056	335	46723	246	5.59764	1.35136	1.81147	GoodSOCS3peaks_peak_424					
chrUn_KI270438v1	103981	104341	361	104097	4676	221.163	1.65421	214.852	GoodSOCS3peaks_peak_425					
chrUn_KI270438v1	104699	105056	358	104893	5069	251.647	1.677	245.267	GoodSOCS3peaks_peak_426					
chrUn_KI270438v1	109234	110634	1401	109421	6761	210.436	1.49471	204.176	GoodSOCS3peaks_peak_427					
chrUn_KI270438v1	111366	111726	361	111528	4276	122.84	1.46799	116.938	GoodSOCS3peaks_peak_428					
chrUn_KI270442v1	92136	92733	598	92394	1919	79.1547	1.59009	73.547	GoodSOCS3peaks_peak_429					
chrUn_KI270744v1	118050	118449	400	118152	346	5.85274	1.29666	2.01927	GoodSOCS3peaks_peak_430					
chrUn_KI270744v1	124166	124729	564	124659	365	9.73921	1.41024	5.46904	GoodSOCS3peaks_peak_431					
chrUn_KI270756v1	1762	2191	430	1878	208	5.02415	1.35865	1.35635	GoodSOCS3peaks_peak_432					
chrX	126472834	126473238	405	126473229	31	6.896	2.71829	2.91265	GoodSOCS3peaks_peak_433	MTND4P24	0.151	1.0		
chrY	10683251	10683627	377	10683326	55	9.95061	2.58015	5.66161	GoodSOCS3peaks_peak_434	ENSG00000273858	359.504			
chrY	10776012	10776570	559	10776100	265	13.0703	1.62266	8.57582	GoodSOCS3peaks_peak_435	ENSG00000273858	266.652			
chrY	10797643	10798028	386	10797705	192	16.3786	1.9306	11.728	GoodSOCS3peaks_peak_436	ENSG00000273858	245.1075			
chrY	10859632	10860046	415	10859989	62	7.52894	2.1035	3.47005	GoodSOCS3peaks_peak_437	ENSG00000273858	183.104			
chrY	10921126	10921521	396	10921447	165	6.30355	1.48994	2.4007	GoodSOCS3peaks_peak_438	ENSG00000273858	121.6195			
chrY	11292667	11293073	407	11293051	409	8.00003	1.33406	3.89028	GoodSOCS3peaks_peak_439	DUX4L16	14.048			
chrY	11302046	11302421	376	11302342	847	19.5104	1.39102	14.7487	GoodSOCS3peaks_peak_440	DUX4L16	4.6845			
chrY	11333398	11334143	746	11333982	1085	38.2323	1.52393	33.0545	GoodSOCS3peaks_peak_441	DUX4L19	1.4415			
chrY	56850435	56850909	475	56850836	216	15.9669	1.8367	11.3323	GoodSOCS3peaks_peak_442	CTBP2P1	4.572			
